FOC43_08620	7	77.470	1265	243	38	6	1249	105590	104347	0.0	719
FOC43_08785	2	94.149	188	10	1	1	188	140162	140348	4.90e-78	285
THJ028_18960	14	86.802	1235	144	15	1	1224	1773	2999	0.0	1360
THJ028_18960	17	84.615	104	10	5	1127	1227	5660	5560	3.38e-21	99.0
THJ028_18970	17	86.697	218	26	2	1	216	5399	5183	4.34e-64	239
THJ028_18970	14	89.437	142	12	2	1	140	3120	3260	3.45e-45	176
THJ028_19000	17	94.064	219	13	0	1	219	2538	2320	1.41e-92	333
THJ028_19010	17	94.118	204	12	0	1	204	2327	2124	6.09e-86	311
THJ028_19020	17	87.299	1803	217	8	1	1794	2121	322	0.0	2050
THJ028_19320	17	96.078	561	22	0	1	561	5811	6371	0.0	915
THJ028_19330	17	92.884	267	19	0	1	267	6374	6640	3.67e-109	388
THJ114_17020	17	95.365	561	26	0	1	561	5811	6371	0.0	893
THJ114_17030	17	94.757	267	14	0	1	267	6374	6640	1.69e-117	416
THJ114_17040	14	95.062	81	4	0	25	105	1	81	1.44e-29	128
THJ114_17080	7	96.364	440	16	0	1	440	40897	40458	0.0	725
THJ114_17080	7	87.786	262	27	5	1075	1335	39910	39653	2.62e-82	302
THJ114_17080	7	96.552	87	3	0	877	963	40108	40022	4.67e-35	145
THJ114_17090	5	80.658	486	87	5	27	507	140578	140095	2.94e-103	370
THJ114_17100	5	79.051	864	163	15	1	855	141470	140616	2.47e-165	577
THJ114_17100	5	82.941	170	23	3	1	167	143505	143339	2.29e-36	148
THJ114_17140	14	94.175	103	4	1	510	612	927	1027	9.71e-39	156
THJ114_17150	14	88.633	651	72	2	1	650	1031	1680	0.0	791
THJ114_17160	14	98.865	1233	14	0	1	1233	1773	3005	0.0	2200
THJ114_17160	17	83.810	105	11	5	1130	1231	5660	5559	4.40e-20	95.3
THJ114_17170	17	88.991	218	21	2	1	216	5399	5183	1.91e-72	267
THJ114_17170	14	91.667	144	9	2	1	142	3120	3262	2.54e-51	196
THJ114_17200	17	99.543	219	1	0	1	219	2538	2320	1.37e-112	399
THJ114_17210	17	100.000	204	0	0	1	204	2327	2124	5.92e-106	377
THJ114_17220	17	96.440	1798	54	7	1	1790	2121	326	0.0	2957
THJ114_17370	17	92.308	52	4	0	7	58	5129	5078	4.61e-14	75.0
CC177238_001783	11	100.000	2417	0	0	89	2505	15629	13213	0.0	4464
CC177238_001783	11	100.000	88	0	0	1	88	13212	13125	2.44e-40	163
CC177238_001784	11	100.000	759	0	0	1	759	13109	12351	0.0	1402
CC177238_001784	11	84.973	752	93	17	18	759	20714	19973	0.0	745
CC177238_001784	11	99.156	237	2	0	198	434	17262	17026	2.33e-120	427
CC177238_001784	11	95.556	90	4	0	670	759	16790	16701	2.62e-35	145
CC177238_001784	1	96.774	155	5	0	257	411	191442	191596	8.98e-70	259
CC177238_001785	11	100.000	345	0	0	1	345	11661	11317	0.0	638
CC177238_001786	11	100.000	939	0	0	1	939	10335	11273	0.0	1735
CC177238_001787	11	100.000	231	0	0	1	231	10105	9875	6.65e-121	427
CC177238_001788	11	100.000	228	0	0	1	228	9863	9636	3.05e-119	422
CC177238_001789	11	100.000	189	0	0	1	189	9512	9700	1.19e-97	350
CC177238_001789	11	100.000	72	0	0	1	72	8272	8343	1.31e-32	134
CC177238_001790	11	100.000	144	0	0	1	144	7940	8083	9.09e-73	267
CC177238_001790	11	100.000	144	0	0	1	144	9180	9323	9.09e-73	267
CC177238_001791	11	100.000	270	0	0	1	270	8483	8752	1.65e-142	499
CC177238_001792	11	100.000	222	0	0	1	222	8272	8493	6.41e-116	411
CC177238_001792	11	100.000	72	0	0	1	72	9512	9583	1.55e-32	134
CC177238_001794	11	100.000	168	0	0	1	168	7761	7928	4.94e-86	311
CC177238_001794	11	99.237	131	1	0	38	168	9038	9168	8.50e-64	237
CC177238_001795	11	100.000	489	0	0	1	489	7066	6578	0.0	904
CC177238_001796	11	100.000	381	0	0	1	381	5747	6127	0.0	704
CC177238_001797	11	100.000	303	0	0	1	303	5406	5708	8.43e-161	560
CC177238_001798	11	100.000	135	0	0	1	135	5249	5383	8.50e-68	250
CC177238_001799	11	100.000	162	0	0	1	162	5040	5201	1.03e-82	300
CC177238_001800	11	100.000	1458	0	0	1	1458	4051	2594	0.0	2693
CC177238_001801	11	100.000	192	0	0	1	192	2601	2410	2.61e-99	355
CC177238_001802	11	100.000	432	0	0	1	432	1396	965	0.0	798
CC177238_001803	25	100.000	1008	0	0	1	1008	133	1140	0.0	1862
CC177238_001804	18	100.000	903	0	0	1	903	610	1512	0.0	1668
CC177238_001805	18	100.000	228	0	0	1	228	1820	2047	3.05e-119	422
CC177238_001806	18	100.000	360	0	0	1	360	2051	2410	0.0	665
CC177238_001807	18	100.000	234	0	0	1	234	2542	2775	1.45e-122	433
CC177238_001808	18	100.000	282	0	0	1	282	2776	3057	3.68e-149	521
CC177238_001809	18	100.000	444	0	0	1	444	3608	4051	0.0	821
CC177238_001810	22	100.000	1553	0	0	1	1553	1553	1	0.0	2868
CC177238_001810	18	100.000	619	0	0	1554	2172	5590	4972	0.0	1144
CC177238_001810	23	97.015	67	2	0	1	67	1190	1256	2.16e-25	113
CC177238_001811	15	100.000	504	0	0	1	504	722	219	0.0	931
CC177238_001812	15	100.000	1158	0	0	1	1158	2383	1226	0.0	2139
CC177238_001813	15	100.000	615	0	0	1	615	2994	2380	0.0	1136
CC177238_001814	15	100.000	1191	0	0	1	1191	4511	3321	0.0	2200
CC177238_001815	15	100.000	1110	0	0	1	1110	5629	4520	0.0	2050
CC177238_001816	15	100.000	945	0	0	1	945	5689	6633	0.0	1746
CC177238_001817	15	100.000	837	0	0	1	837	6643	7479	0.0	1546
CC177238_001818	15	100.000	783	0	0	1	783	7466	8248	0.0	1447
CC177238_001819	15	100.000	298	0	0	1	298	8261	8558	7.33e-158	551
CC177238_001819	25	100.000	131	0	0	299	429	1	131	5.01e-65	243
CC177238_001821	20	100.000	501	0	0	1	501	3534	3034	0.0	926
CC177238_001822	20	100.000	393	0	0	1	393	2347	2739	0.0	726
CC177238_001823	20	100.000	150	0	0	1	150	2201	2350	4.40e-76	278
CC177238_001824	20	100.000	228	0	0	1	228	1922	1695	3.05e-119	422
CC177238_001825	20	100.000	281	0	0	1	281	1708	1428	1.32e-148	520
CC177238_001826	20	100.000	255	0	0	1	255	1416	1162	3.37e-134	472
CC177238_001827	22	99.487	1558	0	5	1	1555	1553	1	0.0	2826
CC177238_001827	20	100.000	1132	0	0	1556	2687	1	1132	0.0	2091
CC177238_001827	23	97.015	67	2	0	1	67	1190	1256	2.67e-25	113
CC177238_001828	23	99.751	804	0	2	1	802	53	856	0.0	1472
CC177238_001829	35	99.811	529	0	1	274	801	529	1	0.0	970
CC177238_001829	1	93.305	478	30	2	759	1235	381643	381167	0.0	704
CC177238_001829	1	92.405	474	34	2	1	473	382420	381948	0.0	675
CC177238_001829	42	100.000	266	0	0	1003	1268	1	266	1.37e-139	492
CC177238_001829	43	100.000	232	0	0	42	273	232	1	1.09e-120	429
CC177238_001829	11	83.036	448	63	9	1	441	38264	37823	3.98e-110	394
CC177238_001829	11	76.879	519	102	14	759	1268	37487	36978	4.19e-75	278
CC177238_001829	48	100.000	201	0	0	802	1002	1	201	1.87e-103	372
CC177238_001829	44	97.653	213	5	0	42	254	1	213	8.68e-102	366
CC177238_001829	39	83.898	354	47	9	803	1151	2	350	1.14e-90	329
CC177238_001829	37	88.627	255	29	0	1	255	156	410	4.13e-85	311
CC177238_001829	51	98.413	126	2	0	1044	1169	42	167	1.99e-58	222
CC177238_001829	46	92.000	100	6	2	1170	1268	1	99	2.06e-33	139
CC177238_001829	46	97.561	41	1	0	1	41	168	208	7.62e-13	71.3
CC177238_001829	49	100.000	41	0	0	1	41	41	1	1.64e-14	76.8
CC177238_001830	19	99.026	3798	2	30	1	3766	3795	1	0.0	6776
CC177238_001830	49	100.000	138	0	0	3767	3904	189	52	6.11e-68	255
CC177238_001830	37	92.647	68	4	1	3831	3897	64	131	3.92e-20	97.1
CC177238_001830	11	97.727	44	1	0	3861	3904	38318	38275	5.10e-14	76.8
CC177238_001831	28	100.000	360	0	0	1	360	495	854	0.0	665
CC177238_001832	28	100.000	501	0	0	13	513	1	501	0.0	926
CC177238_001833	14	100.000	1023	0	0	1	1023	9332	10354	0.0	1890
CC177238_001833	1	84.513	904	111	28	1	891	384930	384043	0.0	867
CC177238_001834	14	100.000	396	0	0	1	396	8477	8872	0.0	732
CC177238_001835	14	100.000	495	0	0	1	495	7919	8413	0.0	915
CC177238_001835	14	88.176	499	43	11	1	489	7297	7789	1.08e-166	580
CC177238_001836	14	100.000	141	0	0	1	141	7778	7918	4.13e-71	261
CC177238_001836	14	95.798	119	5	0	23	141	7178	7296	1.53e-50	193
CC177238_001837	14	100.000	504	0	0	1	504	7297	7800	0.0	931
CC177238_001837	14	88.176	499	43	11	1	493	7919	8407	1.10e-166	580
CC177238_001838	14	100.000	1533	0	0	1	1533	5764	7296	0.0	2832
CC177238_001838	14	95.798	119	5	0	1415	1533	7800	7918	1.89e-49	193
CC177238_001839	14	100.000	252	0	0	1	252	5371	5622	1.55e-132	466
CC177238_001839	14	96.226	106	4	0	121	226	9167	9272	1.05e-44	174
CC177238_001840	14	100.000	264	0	0	1	264	5118	5381	3.48e-139	488
CC177238_001841	14	100.000	174	0	0	1	174	3350	3523	2.37e-89	322
CC177238_001841	14	98.214	112	2	0	37	148	4158	4269	1.50e-51	196
CC177238_001842	14	100.000	238	0	0	1	238	3120	3357	8.83e-125	440
CC177238_001842	17	95.035	141	7	0	1	141	5399	5259	3.48e-59	222
CC177238_001843	14	100.000	1233	0	0	1	1233	1773	3005	0.0	2278
CC177238_001844	14	100.000	654	0	0	1	654	1031	1684	0.0	1208
CC177238_001845	14	100.000	543	0	0	1	543	341	883	0.0	1003
CC177238_001846	17	100.000	267	0	0	1	267	6374	6640	7.57e-141	494
CC177238_001847	17	100.000	561	0	0	1	561	5811	6371	0.0	1037
CC177238_001848	17	100.000	204	0	0	1	204	4795	4998	5.92e-106	377
CC177238_001849	17	100.000	624	0	0	1	624	4684	4061	0.0	1153
CC177238_001850	17	100.000	258	0	0	1	258	3379	3636	7.34e-136	477
CC177238_001851	17	100.000	219	0	0	1	219	2538	2320	2.94e-114	405
CC177238_001853	17	100.000	1800	0	0	1	1800	2121	322	0.0	3325
CC177238_001854	17	100.000	210	0	0	1	210	16	225	2.83e-109	388
CC177238_001855	17	98.561	278	0	4	1	275	6364	6640	3.64e-139	488
CC177238_001856	17	98.236	567	2	6	1	565	5811	6371	0.0	985
CC177238_001857	14	98.319	238	4	0	1	238	3120	3357	4.14e-118	418
CC177238_001857	17	97.872	141	3	0	1	141	5399	5259	7.43e-66	244
CC177238_001859	21	94.444	36	2	0	1	36	1558	1523	6.85e-09	56.5
CC177238_001860	21	98.049	205	4	0	211	415	964	760	1.86e-99	357
CC177238_001860	21	94.444	90	5	0	1	90	1219	1130	7.34e-34	139
CC177238_001860	1	97.838	185	4	0	231	415	388880	388696	2.44e-88	320
CC177238_001861	21	100.000	552	0	0	4	555	1774	1223	0.0	1020
CC177238_001862	21	100.000	543	0	0	1	543	1219	677	0.0	1003
CC177238_001862	21	92.683	41	3	0	462	502	106	66	6.91e-10	60.2
CC177238_001862	1	97.115	208	6	0	276	483	388880	388673	1.02e-97	351
CC177238_001862	1	92.500	80	6	0	464	543	387134	387055	1.45e-26	115
CC177238_001862	27	86.047	86	12	0	442	527	897	982	6.82e-20	93.5
CC177238_001863	21	100.000	420	0	0	1	420	420	1	0.0	776
CC177238_001863	21	92.683	41	3	0	315	355	758	718	8.78e-10	60.2
CC177238_001863	27	100.000	264	0	0	421	684	1	264	9.45e-139	488
CC177238_001864	1	89.923	784	61	6	720	1503	386050	385285	0.0	994
CC177238_001864	27	100.000	381	0	0	1	381	630	1010	0.0	704
CC177238_001864	27	100.000	257	0	0	382	638	1	257	1.64e-134	475
CC177238_001864	21	85.393	89	13	0	268	356	778	690	1.93e-19	93.5
CC177238_001865	1	95.000	300	11	1	1	300	385277	384982	5.20e-133	468
CC177238_001865	14	100.000	132	0	0	169	300	9149	9280	9.54e-66	244
CC177238_001865	14	96.226	106	4	0	187	292	5491	5596	1.27e-44	174
CC177238_001866	14	99.174	1090	0	3	1	1088	9332	10414	0.0	1954
CC177238_001866	26	100.000	531	0	0	1089	1619	1	531	0.0	981
CC177238_001866	1	84.048	909	111	33	1	896	384930	384043	0.0	845
CC177238_001866	1	88.750	160	17	1	1458	1617	383331	383173	5.56e-50	195
CC177238_001866	1	95.238	84	4	0	1083	1166	383805	383722	1.23e-31	134
CC177238_001867	26	100.000	633	0	0	1	633	503	1135	0.0	1170
CC177238_001867	1	84.647	723	104	5	13	730	383187	382467	0.0	713
CC177238_001867	19	100.000	114	0	0	634	747	3953	3840	2.51e-55	211
CC177238_001868	19	99.974	3795	1	0	1	3795	3795	1	0.0	7003
CC177238_001868	37	100.000	138	0	0	3796	3933	1	138	6.15e-68	255
CC177238_001868	49	91.549	71	5	1	3859	3929	125	56	3.95e-20	97.1
CC177238_001869	35	100.000	529	0	0	274	802	529	1	0.0	977
CC177238_001869	39	100.000	368	0	0	803	1170	1	368	0.0	680
CC177238_001869	1	87.789	475	54	4	1	473	382420	381948	6.21e-158	553
CC177238_001869	1	83.851	483	66	11	760	1236	381643	381167	8.39e-127	449
CC177238_001869	37	100.000	255	0	0	1	255	156	410	1.79e-133	472
CC177238_001869	11	83.742	449	58	11	1	441	38264	37823	3.96e-115	411
CC177238_001869	11	77.176	517	104	11	760	1269	37487	36978	1.94e-78	289
CC177238_001869	43	90.043	231	23	0	42	272	232	2	8.94e-82	300
CC177238_001869	44	90.610	213	20	0	42	254	1	213	9.00e-77	283
CC177238_001869	48	89.552	201	19	2	804	1003	2	201	7.06e-68	254
CC177238_001869	42	85.903	227	28	4	1045	1269	42	266	1.98e-63	239
CC177238_001869	51	89.933	149	15	0	1004	1152	1	149	1.56e-49	193
CC177238_001869	46	100.000	99	0	0	1171	1269	1	99	9.39e-47	183
CC177238_001870	35	100.000	529	0	0	274	802	529	1	0.0	977
CC177238_001870	1	92.616	474	33	2	1	473	382420	381948	0.0	680
CC177238_001870	1	89.605	481	42	7	760	1236	381643	381167	1.69e-173	604
CC177238_001870	39	89.714	350	34	2	804	1152	2	350	1.09e-125	446
CC177238_001870	43	100.000	232	0	0	42	273	232	1	1.09e-120	429
CC177238_001870	11	83.259	448	62	9	1	441	38264	37823	8.57e-112	399
CC177238_001870	11	77.308	520	98	14	760	1269	37487	36978	1.94e-78	289
CC177238_001870	48	100.000	201	0	0	803	1003	1	201	1.87e-103	372
CC177238_001870	44	97.653	213	5	0	42	254	1	213	8.69e-102	366
CC177238_001870	42	95.556	225	10	0	1045	1269	42	266	4.04e-100	361
CC177238_001870	37	89.020	255	28	0	1	255	156	410	8.88e-87	316
CC177238_001870	51	100.000	167	0	0	1004	1170	1	167	1.49e-84	309
CC177238_001870	46	100.000	99	0	0	1171	1269	1	99	9.39e-47	183
CC177238_001870	46	100.000	41	0	0	1	41	168	208	1.64e-14	76.8
CC177238_001870	5	77.833	203	39	4	1063	1262	64845	65044	7.47e-28	121
CC177238_001870	49	97.561	41	1	0	1	41	41	1	7.63e-13	71.3
CC177238_001871	35	100.000	529	0	0	274	802	529	1	0.0	977
CC177238_001871	1	93.305	478	30	2	760	1236	381643	381167	0.0	704
CC177238_001871	1	92.632	475	31	4	1	473	382420	381948	0.0	680
CC177238_001871	42	100.000	266	0	0	1004	1269	1	266	1.37e-139	492
CC177238_001871	11	83.259	448	62	9	1	441	38264	37823	8.57e-112	399
CC177238_001871	11	76.879	519	102	14	760	1269	37487	36978	4.19e-75	278
CC177238_001871	44	100.000	214	0	0	42	255	1	214	1.11e-110	396
CC177238_001871	43	97.403	231	6	0	42	272	232	2	3.99e-110	394
CC177238_001871	48	100.000	201	0	0	803	1003	1	201	1.87e-103	372
CC177238_001871	37	90.157	254	25	0	1	254	156	409	3.17e-91	331
CC177238_001871	39	83.898	354	47	9	804	1152	2	350	1.14e-90	329
CC177238_001871	51	98.413	126	2	0	1045	1170	42	167	1.99e-58	222
CC177238_001871	46	92.000	100	6	2	1171	1269	1	99	2.06e-33	139
CC177238_001871	46	100.000	41	0	0	1	41	168	208	1.64e-14	76.8
CC177238_001871	49	97.561	41	1	0	1	41	41	1	7.63e-13	71.3
CC177238_001872	11	100.000	1287	0	0	1	1287	38264	36978	0.0	2377
CC177238_001872	1	74.981	1291	249	59	1	1254	382420	381167	3.82e-150	527
CC177238_001872	42	85.652	230	23	8	1063	1287	42	266	9.33e-62	233
CC177238_001872	37	79.615	260	43	6	1	255	156	410	4.43e-45	178
CC177238_001872	43	83.908	174	28	0	99	272	175	2	9.60e-42	167
CC177238_001872	46	91.919	99	8	0	1189	1287	1	99	2.09e-33	139
CC177238_001872	44	82.051	156	28	0	99	254	58	213	9.73e-32	134
CC177238_001873	11	100.000	900	0	0	1	900	36075	36974	0.0	1663
CC177238_001873	1	94.643	112	4	2	790	900	381019	381129	1.43e-43	172
CC177238_001874	11	100.000	3528	0	0	1	3528	32551	36078	0.0	6516
CC177238_001875	11	100.000	516	0	0	1	516	32433	31918	0.0	953
CC177238_001876	11	100.000	774	0	0	1	774	30890	31663	0.0	1430
CC177238_001877	11	100.000	1398	0	0	1	1398	29496	30893	0.0	2582
CC177238_001878	11	100.000	447	0	0	1	447	29040	29486	0.0	826
CC177238_001879	11	100.000	1248	0	0	1	1248	28914	27667	0.0	2305
CC177238_001880	11	100.000	486	0	0	1	486	27598	27113	0.0	898
CC177238_001881	11	100.000	1455	0	0	1	1455	27111	25657	0.0	2687
CC177238_001882	11	100.000	393	0	0	1	393	25654	25262	0.0	726
CC177238_001883	11	100.000	1722	0	0	1	1722	25265	23544	0.0	3181
CC177238_001884	11	100.000	909	0	0	1	909	23547	22639	0.0	1679
CC177238_001885	11	100.000	2517	0	0	1	2517	22489	19973	0.0	4649
CC177238_001885	11	84.993	753	91	18	1776	2517	13092	12351	0.0	745
CC177238_001885	11	94.118	238	14	0	1956	2193	17262	17025	2.25e-100	363
CC177238_001885	11	92.683	164	12	0	2354	2517	16864	16701	1.42e-62	237
CC177238_001885	1	90.323	155	15	0	2015	2169	191442	191596	1.44e-52	204
CC177238_001886	11	100.000	1992	0	0	1	1992	19973	17982	0.0	3679
CC177238_001887	11	100.000	612	0	0	1	612	17980	17369	0.0	1131
CC177238_001888	11	100.000	582	0	0	1	582	17282	16701	0.0	1075
CC177238_001888	11	99.156	237	2	0	21	257	12912	12676	1.77e-120	427
CC177238_001888	11	94.118	238	14	0	21	258	20534	20297	5.06e-101	363
CC177238_001888	11	92.683	164	12	0	419	582	20136	19973	3.20e-63	237
CC177238_001888	11	95.556	90	4	0	493	582	12440	12351	1.99e-35	145
CC177238_001888	1	96.774	155	5	0	80	234	191442	191596	6.83e-70	259
CC177238_001888	1	93.023	172	12	0	411	582	191770	191941	1.14e-67	252
CC177238_001889	11	100.000	1038	0	0	1	1038	16680	15643	0.0	1917
H8R34_000015	14	95.062	81	4	0	25	105	1	81	2.07e-29	128
H8R34_000016	14	85.714	273	39	0	457	729	611	883	1.10e-78	289
H8R34_000021	14	94.175	103	4	1	510	612	927	1027	9.71e-39	156
H8R34_000022	14	92.202	654	51	0	1	654	1031	1684	0.0	926
H8R34_000023	14	87.935	1235	130	15	1	1224	1773	2999	0.0	1437
H8R34_000023	17	84.615	104	10	5	1127	1227	5660	5560	3.38e-21	99.0
H8R34_000024	17	89.474	266	25	2	1	264	5399	5135	1.72e-92	333
H8R34_000024	14	90.845	142	10	2	1	140	3120	3260	1.42e-48	187
H8R34_000025	17	96.721	61	2	0	1	61	5138	5078	1.74e-23	102
H8R34_000027	17	94.521	219	12	0	1	219	2538	2320	3.02e-94	339
H8R34_000028	17	88.425	1797	200	5	1	1790	2121	326	0.0	2159
H8R34_000038	17	96.721	61	2	0	1	61	5138	5078	2.12e-22	102
