FOC43_08620	3	77.075	1265	237	43	6	1249	153409	152177	0.0	680
FOC43_08795	12	75.455	330	56	21	54	368	32233	31914	3.16e-33	137
THJ028_18920	12	98.848	1389	16	0	1	1389	50513	51901	0.0	2477
THJ028_18920	12	98.039	51	1	0	1339	1389	841	891	2.20e-18	89.8
THJ028_18930	12	99.638	552	2	0	1	552	49962	50513	0.0	1009
THJ028_18940	12	98.936	282	3	0	1	282	49768	49487	3.53e-144	505
THJ028_18950	12	96.732	612	20	0	1	612	49459	48848	0.0	1020
THJ028_18960	12	87.237	1238	139	15	1	1227	48103	46874	0.0	1393
THJ028_18970	12	93.571	280	17	1	1	279	46766	46487	1.78e-117	416
THJ028_19000	12	93.607	219	14	0	1	219	43873	43655	6.22e-91	327
THJ028_19010	12	94.118	204	12	0	1	204	43662	43459	5.79e-86	311
THJ028_19020	12	88.252	1796	203	8	1	1792	43456	41665	0.0	2141
THJ028_19030	12	89.292	607	63	2	1	606	36191	36796	0.0	760
THJ028_19040	12	98.677	378	5	0	1	378	35817	36194	0.0	671
THJ028_19050	12	96.605	324	11	0	1	324	35503	35826	4.03e-154	538
THJ028_19060	12	86.381	257	35	0	1	257	35334	35078	6.02e-77	281
THJ028_19070	12	92.120	2703	211	2	7	2709	34992	32292	0.0	3810
THJ028_19080	12	85.043	575	61	20	1	567	32281	31724	4.30e-161	562
THJ028_19090	12	88.435	147	16	1	406	552	31306	31161	6.36e-45	176
THJ028_19090	12	82.353	119	17	4	1	117	31727	31611	3.94e-22	100
THJ028_19100	12	92.908	423	30	0	1	423	31127	30705	2.40e-177	616
THJ028_19110	12	100.000	276	0	0	1	276	30689	30414	7.40e-146	510
THJ028_19120	12	96.364	990	36	0	1	990	30410	29421	0.0	1629
THJ028_19130	12	96.486	996	35	0	1	996	29424	28429	0.0	1646
THJ028_19130	12	92.473	93	7	0	1	93	46488	46396	7.13e-32	134
THJ028_19140	12	98.788	165	2	0	1	165	28439	28275	4.63e-81	294
THJ028_19150	12	98.333	660	11	0	1	660	28285	27626	0.0	1158
THJ028_19160	12	99.102	891	8	0	1	891	27629	26739	0.0	1602
THJ028_19170	12	98.558	1179	17	0	1	1179	26729	25551	0.0	2084
THJ028_19180	12	93.155	1008	69	0	1	1008	25570	24563	0.0	1480
THJ028_19190	12	93.609	1815	110	6	1	1812	24562	22751	0.0	2704
THJ028_19200	12	100.000	432	0	0	1	432	22770	22339	0.0	798
THJ028_19210	12	96.838	759	24	0	1	759	22336	21578	0.0	1269
THJ028_19220	12	100.000	801	0	0	1	801	21578	20778	0.0	1480
THJ028_19230	12	99.356	621	4	0	1	621	20702	20082	0.0	1125
THJ028_19240	12	98.723	2193	28	0	1	2193	19953	17761	0.0	3895
THJ028_19240	12	83.333	108	10	6	2048	2154	18068	17968	2.69e-19	93.5
THJ028_19240	12	77.778	108	16	6	1886	1986	17906	17800	2.73e-09	60.2
THJ028_19250	12	96.552	58	2	0	177	234	17716	17659	2.05e-21	97.1
THJ028_19260	12	100.000	1422	0	0	1	1422	17655	16234	0.0	2627
THJ028_19270	12	100.000	180	0	0	1	180	16215	16036	1.08e-92	333
THJ028_19280	12	99.583	1920	8	0	1	1920	15677	13758	0.0	3502
THJ028_19300	12	95.977	174	7	0	1	174	9713	9540	1.37e-77	283
THJ028_19300	12	100.000	32	0	0	188	219	8678	8647	2.51e-10	60.2
THJ028_19310	12	93.258	267	18	0	1	267	8642	8376	7.51e-111	394
THJ028_19320	12	99.287	561	4	0	1	561	8317	7757	0.0	1014
THJ028_19330	12	97.378	267	7	0	1	267	7754	7488	3.39e-129	455
THJ114_16810	12	100.000	891	0	0	1	891	27629	26739	0.0	1646
THJ114_16820	12	100.000	1179	0	0	1	1179	26729	25551	0.0	2178
THJ114_16830	12	100.000	1008	0	0	1	1008	25570	24563	0.0	1862
THJ114_16840	12	100.000	1812	0	0	1	1812	24562	22751	0.0	3347
THJ114_16860	12	100.000	759	0	0	1	759	22336	21578	0.0	1402
THJ114_16880	12	100.000	621	0	0	1	621	20702	20082	0.0	1147
THJ114_16890	12	100.000	2193	0	0	1	2193	19953	17761	0.0	4050
THJ114_16890	12	83.333	108	10	6	1886	1986	17906	17800	2.69e-19	93.5
THJ114_16890	12	83.333	108	10	6	2048	2154	18068	17968	2.69e-19	93.5
THJ114_16920	12	100.000	1920	0	0	1	1920	15677	13758	0.0	3546
THJ114_16930	12	100.000	573	0	0	1	573	12983	12411	0.0	1059
THJ114_16940	12	100.000	423	0	0	1	423	12372	11950	0.0	782
THJ114_16950	12	100.000	750	0	0	1	750	11832	11083	0.0	1386
THJ114_16950	12	91.667	60	4	1	7	66	11925	11867	1.96e-16	82.4
THJ114_16960	12	100.000	528	0	0	1	528	11135	10608	0.0	976
THJ114_16970	12	100.000	234	0	0	1	234	10256	10023	1.38e-122	433
THJ114_16980	12	100.000	354	0	0	1	354	10063	9710	0.0	654
THJ114_16990	12	100.000	513	0	0	1	513	9713	9201	0.0	948
THJ114_17000	12	100.000	558	0	0	1	558	9204	8647	0.0	1031
THJ114_17010	12	100.000	267	0	0	1	267	8642	8376	7.19e-141	494
THJ114_17020	12	100.000	561	0	0	1	561	8317	7757	0.0	1037
THJ114_17030	12	100.000	267	0	0	1	267	7754	7488	7.19e-141	494
THJ114_17040	12	100.000	4050	0	0	1	4050	7441	3392	0.0	7480
THJ114_17050	12	100.000	1695	0	0	1	1695	3338	1644	0.0	3131
THJ114_17060	12	100.000	705	0	0	1	705	918	1622	0.0	1303
THJ114_17070	12	100.000	441	0	0	1	441	612	172	0.0	815
THJ114_17080	3	88.899	1072	79	26	1	1056	112033	110986	0.0	1284
THJ114_17080	26	100.000	607	0	0	270	876	1	607	0.0	1122
THJ114_17080	12	100.000	375	0	0	961	1335	53835	53461	0.0	693
THJ114_17080	12	100.000	65	0	0	1	65	65	1	7.48e-28	121
THJ114_17080	13	90.909	308	24	4	1030	1335	64	369	3.96e-115	411
THJ114_17080	40	99.510	204	1	0	66	269	204	1	1.87e-103	372
THJ114_17080	27	82.768	383	42	15	271	635	579	203	6.87e-88	320
THJ114_17080	54	100.000	84	0	0	877	960	1	84	2.05e-38	156
THJ114_17090	12	100.000	567	0	0	1	567	52863	53429	0.0	1048
THJ114_17090	8	81.551	477	81	5	27	498	29206	29680	2.78e-108	387
THJ114_17100	12	100.000	855	0	0	1	855	51997	52851	0.0	1580
THJ114_17100	8	78.637	866	162	19	1	855	28315	29168	3.95e-158	553
THJ114_17110	12	100.000	1389	0	0	1	1389	50513	51901	0.0	2566
THJ114_17110	12	98.039	51	1	0	1339	1389	841	891	2.20e-18	89.8
THJ114_17120	12	100.000	552	0	0	1	552	49962	50513	0.0	1020
THJ114_17130	12	100.000	282	0	0	1	282	49768	49487	3.50e-149	521
THJ114_17140	12	100.000	612	0	0	1	612	49459	48848	0.0	1131
THJ114_17150	12	100.000	660	0	0	1	660	48844	48185	0.0	1219
THJ114_17160	12	100.000	1233	0	0	1	1233	48103	46871	0.0	2278
THJ114_17170	12	100.000	282	0	0	1	282	46766	46485	3.50e-149	521
THJ114_17170	12	100.000	81	0	0	202	282	29501	29421	1.90e-37	150
THJ114_17180	12	100.000	1509	0	0	1	1509	46208	44700	0.0	2787
THJ114_17190	12	100.000	270	0	0	1	270	44409	44678	1.57e-142	499
THJ114_17200	12	100.000	219	0	0	1	219	43873	43655	2.79e-114	405
THJ114_17210	12	100.000	204	0	0	1	204	43662	43459	5.63e-106	377
THJ114_17220	12	100.000	1794	0	0	1	1794	43456	41663	0.0	3314
THJ114_17230	12	100.000	1257	0	0	1	1257	41511	40255	0.0	2322
THJ114_17240	12	100.000	1023	0	0	1	1023	39240	40262	0.0	1890
THJ114_17250	12	100.000	2199	0	0	1	2199	37058	39256	0.0	4061
THJ114_17260	12	100.000	615	0	0	1	615	36191	36805	0.0	1136
THJ114_17270	12	100.000	378	0	0	1	378	35817	36194	0.0	699
THJ114_17280	12	100.000	324	0	0	1	324	35503	35826	1.82e-172	599
THJ114_17290	12	100.000	264	0	0	1	264	35334	35071	3.31e-139	488
THJ114_17300	12	100.000	735	0	0	1	735	35058	34324	0.0	1358
THJ114_17310	12	100.000	2142	0	0	1	2142	34433	32292	0.0	3956
THJ114_17320	12	100.000	558	0	0	1	558	32281	31724	0.0	1031
THJ114_17330	12	100.000	567	0	0	1	567	31727	31161	0.0	1048
THJ114_17340	12	100.000	423	0	0	1	423	31127	30705	0.0	782
THJ114_17360	12	100.000	990	0	0	1	990	30410	29421	0.0	1829
THJ114_17360	12	100.000	81	0	0	910	990	46565	46485	7.04e-37	150
THJ114_17370	12	100.000	996	0	0	1	996	29424	28429	0.0	1840
THJ114_17370	12	94.624	93	5	0	1	93	46488	46396	3.29e-35	145
THJ114_17380	12	100.000	165	0	0	1	165	28439	28275	2.14e-84	305
CC177238_001842	12	91.667	144	9	2	1	143	46766	46625	2.01e-51	196
CC177238_001843	12	98.865	1233	14	0	1	1233	48103	46871	0.0	2200
CC177238_001844	12	88.633	651	72	2	1	650	48844	48195	0.0	791
CC177238_001846	12	94.757	267	14	0	1	267	7754	7488	1.60e-117	416
CC177238_001847	12	95.365	561	26	0	1	561	8317	7757	0.0	893
CC177238_001851	12	99.543	219	1	0	1	219	43873	43655	1.30e-112	399
CC177238_001853	12	96.440	1798	54	7	1	1796	43456	41667	0.0	2957
CC177238_001855	12	93.885	278	13	4	1	275	7764	7488	1.65e-117	416
CC177238_001856	12	93.651	567	28	6	1	565	8317	7757	0.0	841
CC177238_001857	12	88.889	144	13	2	1	143	46766	46625	9.40e-45	174
H8R34_000001	12	86.398	1191	132	20	1	1173	26729	25551	0.0	1275
H8R34_000002	12	96.976	992	29	1	1	992	25570	24580	0.0	1664
H8R34_000003	12	96.961	1810	55	0	1	1810	24562	22753	0.0	3038
H8R34_000005	12	78.653	698	112	34	82	765	22252	21578	6.20e-121	429
H8R34_000006	12	91.353	798	69	0	1	798	21575	20778	0.0	1092
H8R34_000007	12	93.891	622	36	2	1	621	20702	20082	0.0	937
H8R34_000008	12	97.948	2193	45	0	1	2193	19953	17761	0.0	3801
H8R34_000008	12	83.333	108	10	6	1886	1986	17906	17800	2.69e-19	93.5
H8R34_000008	12	83.333	108	10	6	2048	2154	18068	17968	2.69e-19	93.5
H8R34_000011	12	99.740	1920	5	0	1	1920	15677	13758	0.0	3518
H8R34_000015	12	99.082	5772	52	1	1	5772	7441	1671	0.0	10364
H8R34_000017	12	79.279	555	103	9	1	549	918	1466	2.09e-105	377
H8R34_000018	12	99.424	1389	8	0	1	1389	50513	51901	0.0	2521
H8R34_000018	12	100.000	51	0	0	1339	1389	841	891	4.72e-20	95.3
H8R34_000019	12	98.370	552	9	0	1	552	49962	50513	0.0	970
H8R34_000020	12	98.936	282	3	0	1	282	49768	49487	3.53e-144	505
H8R34_000021	12	96.569	612	21	0	1	612	49459	48848	0.0	1014
H8R34_000022	12	88.154	650	77	0	1	650	48844	48195	0.0	774
H8R34_000023	12	88.368	1238	125	15	1	1227	48103	46874	0.0	1471
H8R34_000024	12	97.222	216	6	0	1	216	46766	46551	1.62e-102	366
H8R34_000027	12	94.064	219	13	0	1	219	43873	43655	1.34e-92	333
H8R34_000028	12	89.766	1798	176	8	1	1794	43456	41663	0.0	2294
H8R34_000029	12	96.753	616	18	2	1	615	36191	36805	0.0	1026
H8R34_000030	12	96.914	324	10	0	1	324	35503	35826	8.67e-156	544
H8R34_000031	12	97.727	264	6	0	1	264	35334	35071	3.35e-129	455
H8R34_000032	12	96.750	2769	88	1	1	2769	35058	32292	0.0	4614
H8R34_000033	12	97.138	559	14	2	1	558	32281	31724	0.0	942
H8R34_000034	12	97.248	109	3	0	558	666	31269	31161	1.28e-47	185
H8R34_000035	12	97.887	426	6	1	1	426	31127	30705	0.0	734
H8R34_000036	12	98.913	276	3	0	1	276	30689	30414	7.46e-141	494
H8R34_000037	12	95.125	923	45	0	1	923	30410	29488	0.0	1456
H8R34_000038	12	85.872	998	125	13	10	999	29418	28429	0.0	1048
H8R34_000039	12	95.833	168	4	1	1	168	28439	28275	2.86e-73	268
H8R34_000040	12	85.015	654	92	6	1	651	28285	27635	0.0	660
H8R34_000041	12	89.833	836	82	1	52	887	27572	26740	0.0	1070
