FOC43_08600	20	78.155	412	68	15	1	401	5008	4608	4.96e-65	243
FOC43_08620	2	76.838	1265	227	48	6	1249	173580	172361	0.0	652
FOC43_08795	14	88.889	63	7	0	64	126	38457	38519	2.09e-15	78.7
THJ028_18900	14	100.000	681	0	0	1	681	24118	24798	0.0	1258
THJ028_18910	14	100.000	945	0	0	1	945	25869	24925	0.0	1746
THJ028_18920	14	100.000	1389	0	0	1	1389	27386	25998	0.0	2566
THJ028_18930	14	100.000	552	0	0	1	552	27938	27387	0.0	1020
THJ028_18940	14	100.000	282	0	0	1	282	28132	28413	3.78e-149	521
THJ028_18950	14	100.000	612	0	0	1	612	28441	29052	0.0	1131
THJ028_18960	14	100.000	1227	0	0	1	1227	29073	30299	0.0	2266
THJ028_18960	20	86.060	1241	148	20	1	1227	3723	2494	0.0	1310
THJ028_18970	14	100.000	294	0	0	1	294	30384	30677	8.44e-156	544
THJ028_18970	14	98.765	81	0	1	197	276	41168	41248	3.60e-35	143
THJ028_18970	20	83.803	142	20	2	1	140	2332	2192	7.78e-32	132
THJ028_18980	14	100.000	297	0	0	1	297	31058	30762	1.83e-157	549
THJ028_18990	14	100.000	186	0	0	1	186	31256	31071	5.60e-96	344
THJ028_19000	14	100.000	219	0	0	1	219	31529	31747	3.02e-114	405
THJ028_19010	14	100.000	204	0	0	1	204	31740	31943	6.08e-106	377
THJ028_19020	14	100.000	1794	0	0	1	1794	31947	33740	0.0	3314
THJ028_19030	14	100.000	615	0	0	1	615	34491	33877	0.0	1136
THJ028_19040	14	100.000	378	0	0	1	378	34865	34488	0.0	699
THJ028_19050	14	100.000	324	0	0	1	324	35179	34856	1.97e-172	599
THJ028_19060	14	100.000	264	0	0	1	264	35349	35612	3.57e-139	488
THJ028_19070	14	100.000	2709	0	0	1	2709	35681	38389	0.0	5003
THJ028_19080	14	100.000	567	0	0	1	567	38400	38966	0.0	1048
THJ028_19090	14	100.000	552	0	0	1	552	38963	39514	0.0	1020
THJ028_19100	14	100.000	423	0	0	1	423	39548	39970	0.0	782
THJ028_19110	14	100.000	276	0	0	1	276	39986	40261	7.99e-146	510
THJ028_19120	14	100.000	984	0	0	1	984	40265	41248	0.0	1818
THJ028_19120	14	97.647	85	0	2	904	988	30580	30662	3.53e-35	145
THJ028_19130	14	100.000	996	0	0	1	996	3	998	0.0	1840
THJ028_19140	14	100.000	165	0	0	1	165	988	1152	2.31e-84	305
THJ028_19150	14	100.000	660	0	0	1	660	1142	1801	0.0	1219
THJ028_19160	14	100.000	891	0	0	1	891	1798	2688	0.0	1646
THJ028_19170	14	100.000	1179	0	0	1	1179	2698	3876	0.0	2178
THJ028_19180	14	100.000	1008	0	0	1	1008	3857	4864	0.0	1862
THJ028_19190	14	100.000	1812	0	0	1	1812	4865	6676	0.0	3347
THJ028_19200	14	100.000	432	0	0	1	432	6657	7088	0.0	798
THJ028_19210	14	100.000	759	0	0	1	759	7091	7849	0.0	1402
THJ028_19220	14	100.000	801	0	0	1	801	7849	8649	0.0	1480
THJ028_19230	14	100.000	621	0	0	1	621	8725	9345	0.0	1147
THJ028_19240	14	100.000	2193	0	0	1	2193	9474	11666	0.0	4050
THJ028_19240	14	77.778	108	16	6	2048	2154	11359	11459	2.95e-09	60.2
THJ028_19240	14	77.778	108	16	6	1886	1986	11521	11627	2.95e-09	60.2
THJ028_19250	14	100.000	234	0	0	1	234	11761	11994	1.49e-122	433
THJ028_19260	14	100.000	1422	0	0	1	1422	11998	13419	0.0	2627
THJ028_19270	14	100.000	180	0	0	1	180	13438	13617	1.17e-92	333
THJ028_19280	14	100.000	1920	0	0	1	1920	13976	15895	0.0	3546
THJ028_19290	14	100.000	273	0	0	1	273	16489	16217	3.68e-144	505
THJ028_19290	5	99.634	273	1	0	1	273	44032	44304	1.71e-142	499
THJ028_19300	14	100.000	219	0	0	1	219	16731	16949	3.02e-114	405
THJ028_19310	14	100.000	267	0	0	1	267	16954	17220	7.77e-141	494
THJ028_19320	14	100.000	561	0	0	1	561	17279	17839	0.0	1037
THJ028_19330	14	100.000	267	0	0	1	267	17842	18108	7.77e-141	494
THJ114_16810	14	99.102	891	8	0	1	891	1798	2688	0.0	1602
THJ114_16820	14	98.558	1179	17	0	1	1179	2698	3876	0.0	2084
THJ114_16830	14	93.155	1008	69	0	1	1008	3857	4864	0.0	1480
THJ114_16840	14	93.609	1815	110	6	1	1812	4865	6676	0.0	2704
THJ114_16860	14	96.838	759	24	0	1	759	7091	7849	0.0	1269
THJ114_16880	14	99.356	621	4	0	1	621	8725	9345	0.0	1125
THJ114_16890	14	98.723	2193	28	0	1	2193	9474	11666	0.0	3895
THJ114_16890	14	83.333	108	10	6	1886	1986	11521	11627	2.91e-19	93.5
THJ114_16890	14	77.778	108	16	6	2048	2154	11359	11459	2.95e-09	60.2
THJ114_16920	14	99.583	1920	8	0	1	1920	13976	15895	0.0	3502
THJ114_16980	14	97.244	254	7	0	101	354	16481	16734	8.35e-122	431
THJ114_16990	14	95.977	174	7	0	1	174	16731	16904	3.65e-77	283
THJ114_17010	14	93.258	267	18	0	1	267	16954	17220	8.11e-111	394
THJ114_17020	14	99.287	561	4	0	1	561	17279	17839	0.0	1014
THJ114_17030	14	97.378	267	7	0	1	267	17842	18108	3.67e-129	455
THJ114_17040	14	98.791	4052	46	3	1	4050	18155	22205	0.0	7208
THJ114_17050	14	98.640	1691	17	3	1	1688	22259	23946	0.0	2990
THJ114_17080	2	90.031	642	53	7	1	635	111417	110780	0.0	821
THJ114_17080	2	84.764	466	59	8	876	1335	131387	130928	5.42e-129	457
THJ114_17080	2	84.267	464	57	12	877	1335	110565	110113	1.96e-123	438
THJ114_17090	9	80.688	523	93	7	27	545	74562	74044	3.85e-112	399
THJ114_17110	14	98.848	1389	16	0	1	1389	27386	25998	0.0	2477
THJ114_17120	14	99.638	552	2	0	1	552	27938	27387	0.0	1009
THJ114_17130	14	98.936	282	3	0	1	282	28132	28413	3.81e-144	505
THJ114_17140	14	96.732	612	20	0	1	612	28441	29052	0.0	1020
THJ114_17150	20	87.931	638	75	2	14	650	4452	3816	0.0	750
THJ114_17160	20	97.812	1234	21	5	1	1231	3723	2493	0.0	2124
THJ114_17160	14	87.268	1241	139	15	1	1233	29073	30302	0.0	1399
THJ114_17170	14	93.571	280	17	1	1	280	30384	30662	1.83e-117	416
THJ114_17170	20	86.111	144	17	2	1	142	2332	2190	5.71e-38	152
THJ114_17200	14	93.607	219	14	0	1	219	31529	31747	6.72e-91	327
THJ114_17210	14	94.118	204	12	0	1	204	31740	31943	6.26e-86	311
THJ114_17220	14	88.252	1796	203	8	1	1792	31947	33738	0.0	2141
THJ114_17260	14	88.961	616	66	2	1	615	34491	33877	0.0	760
THJ114_17270	14	98.677	378	5	0	1	378	34865	34488	0.0	671
THJ114_17280	14	96.605	324	11	0	1	324	35179	34856	4.35e-154	538
THJ114_17290	14	87.097	248	32	0	1	248	35349	35596	6.50e-77	281
THJ114_17300	14	87.788	737	88	1	1	735	35621	36357	0.0	861
THJ114_17310	14	93.190	2144	144	2	1	2142	36246	38389	0.0	3149
THJ114_17320	14	85.017	574	63	18	1	558	38400	38966	4.56e-161	562
THJ114_17330	14	88.435	147	16	1	422	567	39368	39514	7.06e-45	176
THJ114_17330	14	82.203	118	19	2	1	117	38963	39079	4.37e-22	100
THJ114_17340	14	92.908	423	30	0	1	423	39548	39970	2.59e-177	616
THJ114_17360	14	96.341	984	36	0	1	984	40265	41248	0.0	1618
THJ114_17370	14	96.486	996	35	0	1	996	3	998	0.0	1646
THJ114_17380	14	98.788	165	2	0	1	165	988	1152	5.00e-81	294
CC177238_001783	1	97.337	1352	33	3	1155	2505	312206	310857	0.0	2294
CC177238_001783	1	94.318	88	5	0	1	88	310856	310769	5.45e-32	135
CC177238_001784	1	95.520	759	22	1	1	759	310753	310007	0.0	1203
CC177238_001784	1	84.840	752	94	17	18	759	318167	317426	0.0	739
CC177238_001785	12	90.667	300	25	2	31	330	6815	6519	2.97e-111	396
CC177238_001786	12	99.043	940	6	3	1	939	5522	6459	0.0	1683
CC177238_001788	12	97.807	228	4	1	1	228	5119	4893	2.45e-110	392
CC177238_001789	12	97.895	190	2	2	1	189	4768	4956	5.74e-91	327
CC177238_001790	12	100.000	144	0	0	1	144	4434	4577	9.33e-73	267
CC177238_001792	12	100.000	72	0	0	1	72	4768	4839	1.60e-32	134
CC177238_001794	12	98.810	168	2	0	1	168	4255	4422	1.10e-82	300
CC177238_001810	12	94.994	1598	70	8	73	1665	8	1600	0.0	2499
CC177238_001810	112	98.462	65	1	0	1	65	4	68	6.15e-26	115
CC177238_001822	12	99.228	259	1	1	1	258	3946	4204	2.56e-132	466
CC177238_001823	12	98.675	151	1	1	1	150	3799	3949	9.78e-73	267
CC177238_001824	12	99.123	228	2	0	1	228	3526	3299	6.78e-116	411
CC177238_001825	12	99.291	282	1	1	1	281	3312	3031	2.93e-145	508
CC177238_001827	12	95.965	1487	50	7	73	1555	8	1488	0.0	2405
CC177238_001827	112	98.462	65	1	0	1	65	4	68	7.62e-26	115
CC177238_001828	33	99.129	804	5	2	1	802	804	1	0.0	1445
CC177238_001829	32	91.807	830	63	5	442	1268	10	837	0.0	1151
CC177238_001829	16	91.634	514	35	7	759	1268	14977	14468	0.0	704
CC177238_001829	16	100.000	40	0	0	434	473	15321	15282	6.05e-14	75.0
CC177238_001829	23	85.838	346	44	5	99	441	1199	856	1.15e-100	363
CC177238_001829	23	77.692	520	96	19	759	1268	520	11	9.17e-82	300
CC177238_001829	70	98.049	205	4	0	129	333	1	205	5.36e-99	357
CC177238_001829	71	96.610	177	6	0	156	332	178	2	4.27e-80	294
CC177238_001829	99	100.000	99	0	0	334	432	99	1	9.63e-47	183
CC177238_001829	103	98.864	88	1	0	41	128	88	1	5.84e-39	158
CC177238_001829	55	95.000	40	2	0	1	40	40	1	1.31e-10	63.9
CC177238_001829	56	94.872	39	2	0	1	39	239	277	4.71e-10	62.1
CC177238_001830	24	97.667	3301	43	29	105	3374	3298	1	0.0	5638
CC177238_001830	72	99.005	201	1	1	3375	3574	201	1	4.64e-99	359
CC177238_001830	55	95.392	217	10	0	3686	3902	277	61	3.62e-95	346
CC177238_001830	96	100.000	110	0	0	3575	3684	1	110	2.30e-52	204
CC177238_001830	58	100.000	102	0	0	1	102	159	260	6.45e-48	189
CC177238_001830	56	82.488	217	30	8	3685	3897	1	213	3.00e-46	183
CC177238_001831	19	99.167	360	3	0	1	360	7221	7580	0.0	649
CC177238_001832	19	97.271	513	13	1	1	513	6716	7227	0.0	869
CC177238_001833	30	98.338	1023	17	0	1	1023	1072	50	0.0	1796
CC177238_001833	19	100.000	29	0	0	995	1023	6549	6577	6.33e-08	54.7
CC177238_001834	34	98.737	396	5	0	1	396	48	443	0.0	704
CC177238_001835	19	92.093	430	34	0	1	430	430	1	1.84e-174	606
CC177238_001835	40	89.294	439	33	10	1	429	104	538	6.79e-154	538
CC177238_001836	19	99.160	119	1	0	23	141	549	431	3.35e-57	215
CC177238_001837	40	100.000	435	0	0	1	435	104	538	0.0	804
CC177238_001837	19	86.530	438	49	8	1	436	430	1	1.98e-134	473
CC177238_001838	19	96.480	1534	40	12	1	1533	1951	431	0.0	2521
CC177238_001838	40	98.058	103	2	0	1431	1533	1	103	1.51e-45	180
CC177238_001839	19	97.727	132	3	0	121	252	2224	2093	8.17e-61	228
CC177238_001839	20	98.333	120	2	0	1	120	120	1	8.23e-56	211
CC177238_001839	97	97.170	106	3	0	121	226	1	106	2.32e-46	180
CC177238_001840	20	99.621	264	1	0	1	264	373	110	1.66e-137	483
CC177238_001841	20	98.286	175	2	1	1	174	2103	1929	2.45e-84	305
CC177238_001841	20	96.000	100	4	0	49	148	1321	1222	1.56e-41	163
CC177238_001842	20	96.218	238	8	1	1	238	2332	2096	3.33e-109	388
CC177238_001842	14	89.437	142	12	2	1	141	30384	30523	2.82e-45	176
CC177238_001843	20	98.136	1234	17	5	1	1231	3723	2493	0.0	2146
CC177238_001843	14	86.785	1241	145	15	1	1233	29073	30302	0.0	1365
CC177238_001844	20	95.156	640	31	0	15	654	4451	3812	0.0	1011
CC177238_001846	14	92.884	267	19	0	1	267	17842	18108	3.77e-109	388
CC177238_001847	14	96.078	561	22	0	1	561	17279	17839	0.0	915
CC177238_001851	14	94.064	219	13	0	1	219	31529	31747	1.44e-92	333
CC177238_001853	14	87.299	1803	217	8	1	1800	31947	33740	0.0	2050
CC177238_001855	14	91.727	278	19	4	1	275	17832	18108	1.81e-107	383
CC177238_001856	14	94.356	567	24	6	1	565	17279	17839	0.0	863
CC177238_001857	20	97.899	238	4	1	1	238	2332	2096	7.10e-116	411
CC177238_001857	14	86.620	142	16	2	1	141	30384	30523	1.32e-38	154
CC177238_001862	19	95.000	80	4	0	464	543	4277	4198	6.90e-30	126
CC177238_001862	19	84.286	70	9	2	462	530	3627	3559	4.24e-12	67.6
CC177238_001863	19	98.172	383	7	0	1	383	3941	3559	0.0	669
CC177238_001864	19	89.935	765	59	6	739	1503	3164	2418	0.0	970
CC177238_001865	19	97.945	292	6	0	1	292	2410	2119	1.13e-144	507
CC177238_001865	97	99.057	106	1	0	187	292	1	106	1.29e-49	191
CC177238_001866	30	97.590	1079	17	3	1	1077	1072	1	0.0	1840
CC177238_001866	29	97.417	542	3	1	1078	1619	1135	605	0.0	913
CC177238_001866	19	98.864	88	1	0	1000	1087	6549	6636	7.48e-39	158
CC177238_001867	29	97.156	633	18	0	1	633	633	1	0.0	1070
CC177238_001867	58	91.228	114	10	0	634	747	1	114	1.22e-38	156
CC177238_001868	24	98.757	3298	41	0	105	3402	3298	1	0.0	5864
CC177238_001868	56	99.091	220	2	0	3714	3933	1	220	3.57e-110	396
CC177238_001868	72	99.502	201	1	0	3403	3603	201	1	2.80e-101	366
CC177238_001868	96	100.000	110	0	0	3604	3713	1	110	2.32e-52	204
CC177238_001868	58	100.000	102	0	0	1	102	159	260	6.50e-48	189
CC177238_001868	55	82.743	226	25	13	3715	3933	277	59	6.50e-48	189
CC177238_001869	32	95.793	832	27	7	442	1269	10	837	0.0	1336
CC177238_001869	16	87.305	512	61	4	760	1269	14977	14468	8.14e-167	582
CC177238_001869	16	100.000	40	0	0	434	473	15321	15282	6.05e-14	75.0
CC177238_001869	23	90.173	346	29	5	99	441	1199	856	1.11e-125	446
CC177238_001869	23	79.231	520	88	17	760	1269	520	11	4.18e-95	344
CC177238_001869	71	93.627	204	13	0	129	332	205	2	1.97e-83	305
CC177238_001869	70	95.506	178	8	0	156	333	28	205	2.57e-77	285
CC177238_001869	99	100.000	99	0	0	334	432	99	1	9.64e-47	183
CC177238_001869	103	98.864	88	1	0	41	128	88	1	5.84e-39	158
CC177238_001870	32	90.408	834	68	11	442	1269	10	837	0.0	1086
CC177238_001870	16	93.922	510	31	0	760	1269	14977	14468	0.0	771
CC177238_001870	16	100.000	40	0	0	434	473	15321	15282	6.05e-14	75.0
CC177238_001870	23	85.838	346	44	5	99	441	1199	856	1.15e-100	363
CC177238_001870	23	77.820	523	90	23	760	1269	520	11	9.18e-82	300
CC177238_001870	70	98.049	205	4	0	129	333	1	205	5.37e-99	357
CC177238_001870	71	96.610	177	6	0	156	332	178	2	4.27e-80	294
CC177238_001870	99	100.000	99	0	0	334	432	99	1	9.64e-47	183
CC177238_001870	103	98.864	88	1	0	41	128	88	1	5.84e-39	158
CC177238_001870	55	97.500	40	1	0	1	40	40	1	2.82e-12	69.4
CC177238_001870	56	97.436	39	1	0	1	39	239	277	1.01e-11	67.6
CC177238_001871	32	91.928	830	63	4	442	1269	10	837	0.0	1158
CC177238_001871	16	91.634	514	35	7	760	1269	14977	14468	0.0	704
CC177238_001871	16	100.000	40	0	0	434	473	15321	15282	6.05e-14	75.0
CC177238_001871	23	87.283	346	39	5	99	441	1199	856	5.29e-109	390
CC177238_001871	23	77.692	520	96	19	760	1269	520	11	9.18e-82	300
CC177238_001871	70	97.073	205	6	0	129	333	1	205	1.16e-95	346
CC177238_001871	71	95.480	177	8	0	156	332	178	2	9.24e-77	283
CC177238_001871	99	100.000	99	0	0	334	432	99	1	9.64e-47	183
CC177238_001871	103	100.000	88	0	0	41	128	88	1	1.26e-40	163
CC177238_001871	55	97.500	40	1	0	1	40	40	1	2.82e-12	69.4
CC177238_001871	56	97.436	39	1	0	1	39	239	277	1.01e-11	67.6
CC177238_001872	23	92.152	1287	85	14	12	1287	1292	11	0.0	1803
CC177238_001872	16	78.856	577	102	15	721	1287	15034	14468	1.94e-103	372
CC177238_001872	70	93.889	180	9	2	155	333	27	205	7.30e-73	270
CC177238_001872	32	75.822	517	111	12	778	1287	328	837	9.51e-67	250
CC177238_001873	16	98.889	900	10	0	1	900	13565	14464	0.0	1607
CC177238_001874	16	99.745	3528	9	0	1	3528	10041	13568	0.0	6466
CC177238_001875	16	100.000	516	0	0	1	516	9921	9406	0.0	953
CC177238_001876	16	99.096	774	7	0	1	774	8383	9156	0.0	1391
CC177238_001877	16	99.785	1398	3	0	1	1398	6989	8386	0.0	2566
CC177238_001878	16	100.000	447	0	0	1	447	6533	6979	0.0	826
CC177238_001879	16	99.439	1248	7	0	1	1248	6407	5160	0.0	2266
CC177238_001880	16	96.296	486	18	0	1	486	5091	4606	0.0	798
CC177238_001881	16	96.151	1455	56	0	1	1455	4604	3150	0.0	2377
CC177238_001882	16	97.964	393	8	0	1	393	3147	2755	0.0	682
CC177238_001883	16	99.652	1722	6	0	1	1722	2758	1037	0.0	3147
CC177238_001884	16	99.560	909	4	0	1	909	1040	132	0.0	1657
CC177238_001885	27	98.225	1690	30	0	1	1690	1690	1	0.0	2955
CC177238_001885	1	99.154	827	7	0	1691	2517	318252	317426	0.0	1489
CC177238_001885	1	86.019	751	75	20	1776	2517	310736	310007	0.0	778
CC177238_001886	1	99.498	1992	10	0	1	1992	317426	315435	0.0	3624
CC177238_001886	1	93.617	47	3	0	1894	1940	314225	314179	1.24e-12	71.3
CC177238_001887	1	99.673	612	2	0	1	612	315433	314822	0.0	1120
CC177238_001888	1	94.093	237	14	0	21	257	310556	310320	1.87e-100	361
CC177238_001888	1	94.093	237	14	0	21	257	317987	317751	1.87e-100	361
CC177238_001888	1	92.683	164	12	0	419	582	317589	317426	3.28e-63	237
CC177238_001889	1	89.937	159	14	2	1	158	314112	313955	6.03e-53	204
H8R34_000001	14	84.971	1191	149	20	1	1173	2698	3876	0.0	1181
H8R34_000002	14	90.423	992	94	1	1	992	3857	4847	0.0	1304
H8R34_000003	14	90.689	1815	159	10	1	1810	4865	6674	0.0	2407
H8R34_000005	14	78.286	700	117	29	79	765	7172	7849	1.45e-117	418
H8R34_000006	14	91.353	798	69	0	1	798	7852	8649	0.0	1092
H8R34_000007	14	94.212	622	34	2	1	621	8725	9345	0.0	948
H8R34_000008	14	97.766	2193	49	0	1	2193	9474	11666	0.0	3779
H8R34_000008	14	83.333	108	10	6	1886	1986	11521	11627	2.91e-19	93.5
H8R34_000008	14	77.778	108	16	6	2048	2154	11359	11459	2.95e-09	60.2
H8R34_000011	14	99.844	1920	3	0	1	1920	13976	15895	0.0	3530
H8R34_000015	14	98.976	5760	57	2	1	5759	18155	23913	0.0	10309
H8R34_000018	14	98.704	1389	18	0	1	1389	27386	25998	0.0	2466
H8R34_000019	14	98.551	552	8	0	1	552	27938	27387	0.0	976
H8R34_000020	14	98.582	282	4	0	1	282	28132	28413	1.77e-142	499
H8R34_000021	14	93.627	612	39	0	1	612	28441	29052	0.0	915
H8R34_000022	20	91.888	641	52	0	14	654	4452	3812	0.0	896
H8R34_000023	14	98.126	1227	23	0	1	1227	29073	30299	0.0	2139
H8R34_000023	20	87.268	1241	133	20	1	1227	3723	2494	0.0	1393
H8R34_000024	14	94.907	216	11	0	1	216	30384	30599	3.81e-94	339
H8R34_000024	20	85.211	142	18	2	1	140	2332	2192	3.20e-35	143
H8R34_000026	14	95.600	250	11	0	1	250	31037	30788	4.67e-113	401
H8R34_000027	14	99.543	219	1	0	1	219	31529	31747	1.40e-112	399
H8R34_000028	14	96.373	1792	65	0	1	1792	31947	33738	0.0	2950
H8R34_000029	14	90.264	606	59	0	1	606	34491	33886	0.0	793
H8R34_000030	14	95.679	324	14	0	1	324	35179	34856	4.39e-149	521
H8R34_000031	14	87.500	248	31	0	1	248	35349	35596	1.40e-78	287
H8R34_000032	14	92.416	2769	210	0	1	2769	35621	38389	0.0	3951
H8R34_000033	14	83.798	574	70	18	1	558	38400	38966	2.15e-149	523
H8R34_000034	14	91.304	115	9	1	552	666	39401	39514	1.09e-38	156
H8R34_000035	14	92.019	426	31	1	1	426	39548	39970	3.39e-171	595
H8R34_000036	14	98.913	276	3	0	1	276	39986	40261	8.05e-141	494
H8R34_000037	14	94.800	923	48	0	1	923	40265	41187	0.0	1439
H8R34_000038	14	84.300	1000	137	16	10	999	9	998	0.0	959
H8R34_000039	14	94.643	168	6	1	1	168	988	1152	6.69e-70	257
H8R34_000040	14	83.639	654	101	6	1	651	1142	1792	1.92e-175	610
H8R34_000041	14	89.474	836	85	1	49	884	1852	2684	0.0	1053
