FOC43_08620	3	76.917	1265	226	48	6	1249	262404	261185	0.0	658
THJ028_18920	10	98.704	1389	18	0	1	1389	25948	24560	0.0	2466
THJ028_18930	10	98.551	552	8	0	1	552	26499	25948	0.0	976
THJ028_18940	10	98.582	282	4	0	1	282	26693	26974	1.73e-142	499
THJ028_18950	10	93.627	612	39	0	1	612	27003	27614	0.0	915
THJ028_18960	10	98.126	1227	23	0	1	1227	28390	29616	0.0	2139
THJ028_18970	10	94.907	216	11	0	1	216	29724	29939	4.17e-94	339
THJ028_18980	10	95.506	267	12	0	5	271	30483	30217	8.74e-121	427
THJ028_18990	10	96.237	186	7	0	1	186	30685	30500	2.58e-84	305
THJ028_19000	10	99.543	219	1	0	1	219	30958	31176	1.37e-112	399
THJ028_19010	10	99.306	144	1	0	61	204	31198	31341	6.23e-71	261
THJ028_19010	10	100.000	29	0	0	1	29	31169	31197	1.13e-08	54.7
THJ028_19020	10	96.373	1792	65	0	1	1792	31345	33136	0.0	2950
THJ028_19030	10	90.264	606	59	0	1	606	33875	33270	0.0	793
THJ028_19040	10	99.735	378	1	0	1	378	34249	33872	0.0	693
THJ028_19050	10	95.679	324	14	0	1	324	34563	34240	4.28e-149	521
THJ028_19060	10	87.500	248	31	0	1	248	34734	34981	1.36e-78	287
THJ028_19070	10	92.675	2703	198	0	7	2709	35076	37778	0.0	3895
THJ028_19080	10	83.826	575	68	20	1	567	37789	38346	2.14e-149	523
THJ028_19090	10	91.304	115	9	1	439	552	38894	39008	8.73e-39	156
THJ028_19100	10	92.019	426	31	1	1	423	39042	39467	3.29e-171	595
THJ028_19110	10	98.913	276	3	0	1	276	39483	39758	7.85e-141	494
THJ028_19120	10	94.800	923	48	0	1	923	39762	40684	0.0	1439
THJ028_19130	10	84.118	913	125	16	94	996	1	903	0.0	865
THJ028_19140	10	94.643	168	6	1	1	165	893	1060	6.40e-70	257
THJ028_19150	10	83.639	654	101	6	1	651	1050	1700	1.86e-175	610
THJ028_19160	10	89.474	836	85	1	55	887	1757	2592	0.0	1053
THJ028_19170	10	84.971	1191	149	20	1	1179	2623	3795	0.0	1181
THJ028_19180	10	90.423	992	94	1	1	991	3776	4767	0.0	1304
THJ028_19190	10	90.689	1815	159	10	1	1810	4769	6578	0.0	2407
THJ028_19210	10	78.286	700	117	29	82	759	7088	7774	1.40e-117	418
THJ028_19220	10	91.353	798	69	0	4	801	7777	8574	0.0	1092
THJ028_19230	10	94.212	622	34	2	1	621	8645	9265	0.0	948
THJ028_19240	10	97.766	2193	49	0	1	2193	9529	11721	0.0	3779
THJ028_19240	10	83.333	108	10	6	2048	2154	11414	11514	2.84e-19	93.5
THJ028_19240	10	77.778	108	16	6	1886	1986	11576	11682	2.88e-09	60.2
THJ028_19250	10	96.552	58	2	0	177	234	11766	11823	2.16e-21	97.1
THJ028_19260	10	100.000	1422	0	0	1	1422	11827	13248	0.0	2627
THJ028_19270	10	100.000	180	0	0	1	180	13267	13446	1.14e-92	333
THJ028_19280	10	99.844	1920	3	0	1	1920	13805	15724	0.0	3530
THJ028_19300	10	100.000	32	0	0	188	219	15923	15954	2.64e-10	60.2
THJ028_19310	10	93.258	267	18	0	1	267	15959	16225	7.90e-111	394
THJ028_19320	10	99.287	561	4	0	1	561	16284	16844	0.0	1014
THJ028_19330	10	97.378	267	7	0	1	267	16847	17113	3.57e-129	455
THJ114_16810	10	89.833	836	82	1	55	887	1757	2592	0.0	1070
THJ114_16820	10	86.398	1191	132	20	1	1179	2623	3795	0.0	1275
THJ114_16830	10	96.976	992	29	1	1	991	3776	4767	0.0	1664
THJ114_16840	10	96.961	1810	55	0	1	1810	4769	6578	0.0	3038
THJ114_16860	10	78.602	701	113	33	82	759	7088	7774	6.47e-121	429
THJ114_16880	10	93.891	622	36	2	1	621	8645	9265	0.0	937
THJ114_16890	10	97.948	2193	45	0	1	2193	9529	11721	0.0	3801
THJ114_16890	10	83.333	108	10	6	2048	2154	11414	11514	2.84e-19	93.5
THJ114_16890	10	83.333	108	10	6	1886	1986	11576	11682	2.84e-19	93.5
THJ114_16920	10	99.740	1920	5	0	1	1920	13805	15724	0.0	3518
THJ114_17010	10	100.000	267	0	0	1	267	15959	16225	7.58e-141	494
THJ114_17020	10	100.000	561	0	0	1	561	16284	16844	0.0	1037
THJ114_17030	10	100.000	267	0	0	1	267	16847	17113	7.58e-141	494
THJ114_17040	10	99.161	4051	33	1	1	4050	17160	21210	0.0	7291
THJ114_17050	10	98.861	1668	19	0	1	1668	21264	22931	0.0	2976
THJ114_17060	10	79.354	557	99	12	1	549	24537	23989	2.20e-105	377
THJ114_17080	3	96.868	1341	36	3	1	1335	213513	212173	0.0	2239
THJ114_17080	3	95.682	440	19	0	1	440	192662	192223	0.0	708
THJ114_17080	3	97.473	277	7	0	1059	1335	191691	191415	5.25e-134	473
THJ114_17080	3	95.506	89	4	0	875	963	191875	191787	1.68e-34	143
THJ114_17090	6	81.857	474	82	4	27	498	29114	29585	4.86e-111	396
THJ114_17110	10	99.424	1389	8	0	1	1389	25948	24560	0.0	2521
THJ114_17120	10	98.370	552	9	0	1	552	26499	25948	0.0	970
THJ114_17130	10	98.936	282	3	0	1	282	26693	26974	3.71e-144	505
THJ114_17140	10	96.569	612	21	0	1	612	27003	27614	0.0	1014
THJ114_17150	10	88.012	659	79	0	1	659	27618	28276	0.0	780
THJ114_17160	10	88.396	1241	125	15	1	1233	28390	29619	0.0	1476
THJ114_17170	10	97.222	216	6	0	1	216	29724	29939	1.83e-102	366
THJ114_17200	10	94.064	219	13	0	1	219	30958	31176	1.41e-92	333
THJ114_17210	10	94.558	147	8	0	58	204	31195	31341	6.32e-61	228
THJ114_17220	10	89.766	1798	176	8	1	1794	31345	33138	0.0	2294
THJ114_17260	10	96.753	616	18	2	1	615	33875	33261	0.0	1026
THJ114_17270	10	98.942	378	4	0	1	378	34249	33872	0.0	676
THJ114_17280	10	96.914	324	10	0	1	324	34563	34240	9.13e-156	544
THJ114_17290	10	97.727	264	6	0	1	264	34734	34997	3.53e-129	455
THJ114_17300	10	95.115	737	34	1	1	735	35010	35746	0.0	1160
THJ114_17310	10	97.341	2144	55	1	1	2142	35635	37778	0.0	3642
THJ114_17320	10	97.138	559	14	2	1	558	37789	38346	0.0	942
THJ114_17330	10	97.248	109	3	0	459	567	38900	39008	1.14e-47	185
THJ114_17340	10	97.887	426	6	1	1	423	39042	39467	0.0	734
THJ114_17360	10	95.125	923	45	0	1	923	39762	40684	0.0	1456
THJ114_17370	10	85.620	911	115	13	94	996	1	903	0.0	942
THJ114_17380	10	95.833	168	4	1	1	165	893	1060	2.95e-73	268
CC177238_001784	1	97.170	742	21	0	18	759	356570	355829	0.0	1254
CC177238_001784	1	97.687	562	13	0	198	759	353118	352557	0.0	966
CC177238_001785	3	92.381	315	21	2	31	345	15774	15463	2.83e-126	446
CC177238_001786	3	98.829	939	11	0	1	939	14481	15419	0.0	1674
CC177238_001788	3	97.807	228	4	1	1	228	14079	13853	2.39e-110	392
CC177238_001789	3	97.895	190	2	2	1	189	13728	13916	5.60e-91	327
CC177238_001790	3	100.000	144	0	0	1	144	13394	13537	9.10e-73	267
CC177238_001792	3	100.000	72	0	0	1	72	13728	13799	1.56e-32	134
CC177238_001794	3	98.810	168	2	0	1	168	13215	13382	1.07e-82	300
CC177238_001810	3	94.784	1668	81	6	1	1665	8902	10566	0.0	2593
CC177238_001822	3	99.612	258	1	0	1	258	12907	13164	5.36e-134	472
CC177238_001823	3	99.333	150	1	0	1	150	12761	12910	2.05e-74	272
CC177238_001824	3	98.246	228	3	1	1	228	12488	12262	5.15e-112	398
CC177238_001825	3	99.293	283	0	2	1	281	12275	11993	7.95e-146	510
CC177238_001827	3	95.990	1571	53	7	1	1567	8902	10466	0.0	2543
CC177238_001828	3	98.756	804	8	2	1	802	7756	8559	0.0	1428
CC177238_001829	37	98.450	516	7	1	529	1043	516	1	0.0	907
CC177238_001829	28	87.785	745	84	7	528	1268	858	117	0.0	865
CC177238_001829	52	96.831	284	9	0	244	527	284	1	1.38e-134	475
CC177238_001829	29	96.154	260	10	0	214	473	2	261	1.41e-119	425
CC177238_001829	29	95.492	244	11	0	759	1002	566	809	5.16e-109	390
CC177238_001829	64	98.901	182	2	0	31	212	182	1	1.47e-89	326
CC177238_001829	61	93.953	215	13	0	1044	1258	215	1	1.47e-89	326
CC177238_001829	3	80.272	441	72	13	12	441	6458	6894	2.47e-87	318
CC177238_001829	3	75.624	521	99	23	759	1268	7230	7733	9.20e-62	233
CC177238_001829	50	77.559	254	45	10	1	242	97	350	1.59e-34	143
CC177238_001829	16	100.000	30	0	0	1	30	30	1	2.14e-08	56.5
CC177238_001830	16	97.660	3932	57	30	1	3900	3981	53	0.0	6719
CC177238_001831	16	98.889	360	4	0	1	360	4609	4250	0.0	643
CC177238_001832	16	97.271	513	13	1	1	513	5114	4603	0.0	869
CC177238_001833	3	98.143	1023	19	0	1	1023	1846	2868	0.0	1784
CC177238_001833	16	100.000	29	0	0	995	1023	5281	5253	6.17e-08	54.7
CC177238_001834	3	98.990	396	4	0	1	396	991	1386	0.0	710
CC177238_001835	39	89.858	424	39	4	65	486	433	12	5.12e-155	542
CC177238_001835	3	85.628	494	61	7	1	486	425	916	1.44e-145	510
CC177238_001835	3	88.435	294	34	0	193	486	1	294	7.16e-99	355
CC177238_001835	45	91.459	281	20	3	194	472	2	280	3.28e-107	383
CC177238_001835	67	96.552	174	6	0	19	192	174	1	7.36e-79	289
CC177238_001836	45	97.872	141	3	0	1	141	284	424	4.16e-66	244
CC177238_001836	3	93.617	141	9	0	1	141	284	424	4.22e-56	211
CC177238_001836	75	98.319	119	2	0	23	141	127	9	1.52e-55	209
CC177238_001837	39	88.462	494	53	4	12	503	492	1	1.42e-170	593
CC177238_001837	3	87.008	508	58	8	1	504	425	928	3.09e-162	566
CC177238_001837	3	87.213	305	39	0	200	504	2	306	1.22e-96	348
CC177238_001837	45	96.732	306	10	0	199	504	1	306	1.47e-145	510
CC177238_001838	16	99.121	1251	11	0	1	1251	8323	9573	0.0	2250
CC177238_001838	3	96.639	119	4	0	1415	1533	306	424	4.07e-51	198
CC177238_001838	75	95.798	119	5	0	1415	1533	127	9	1.89e-49	193
CC177238_001838	45	95.798	119	5	0	1415	1533	306	424	1.89e-49	193
CC177238_001839	16	96.970	132	4	0	121	252	8047	8178	3.71e-59	222
CC177238_001839	3	97.170	106	3	0	121	226	1681	1786	2.26e-46	180
CC177238_001842	10	90.845	142	10	2	1	141	29724	29863	1.27e-48	187
CC177238_001843	10	87.913	1241	131	15	1	1233	28390	29619	0.0	1443
CC177238_001844	10	92.202	654	51	0	1	654	27618	28271	0.0	926
CC177238_001845	10	85.714	273	39	0	271	543	23551	23823	8.11e-79	289
CC177238_001846	10	94.757	267	14	0	1	267	16847	17113	1.69e-117	416
CC177238_001847	10	95.365	561	26	0	1	561	16284	16844	0.0	893
CC177238_001851	10	94.521	219	12	0	1	219	30958	31176	3.03e-94	339
CC177238_001853	10	88.425	1797	200	5	1	1796	31345	33134	0.0	2159
CC177238_001855	10	93.885	278	13	4	1	275	16837	17113	1.74e-117	416
CC177238_001856	10	93.651	567	28	6	1	565	16284	16844	0.0	841
CC177238_001857	10	88.028	142	14	2	1	141	29724	29863	5.95e-42	165
CC177238_001862	16	95.000	80	4	0	464	543	5994	6073	6.73e-30	126
CC177238_001862	16	84.286	70	9	2	462	530	6644	6712	4.14e-12	67.6
CC177238_001863	16	98.143	377	7	0	1	377	6330	6706	0.0	658
CC177238_001864	16	89.542	765	62	6	739	1503	7107	7853	0.0	953
CC177238_001865	16	98.288	292	5	0	1	292	7861	8152	2.37e-146	512
CC177238_001865	3	98.485	132	2	0	169	300	1663	1794	2.07e-62	233
CC177238_001866	3	97.405	1079	19	3	1	1077	1846	2917	0.0	1829
CC177238_001866	16	98.864	88	1	0	1000	1087	5281	5194	7.30e-39	158
CC177238_001867	16	91.379	116	8	2	634	747	4141	4026	3.32e-39	158
CC177238_001868	16	97.841	3937	77	6	1	3933	3981	49	0.0	6793
CC177238_001869	28	95.553	742	33	0	528	1269	858	117	0.0	1188
CC177238_001869	37	93.908	476	27	2	529	1003	516	42	0.0	717
CC177238_001869	52	96.479	284	10	0	244	527	284	1	6.44e-133	470
CC177238_001869	29	96.109	257	10	0	217	473	5	261	6.58e-118	420
CC177238_001869	29	90.210	286	26	2	760	1044	566	850	1.87e-103	372
CC177238_001869	3	80.347	519	78	17	760	1269	7230	7733	1.87e-103	372
CC177238_001869	3	87.087	333	36	7	113	441	6565	6894	6.72e-103	370
CC177238_001869	50	87.402	254	20	10	1	242	97	350	3.24e-76	281
CC177238_001869	64	88.462	182	21	0	31	212	182	1	7.17e-58	220
CC177238_001870	28	90.188	744	69	4	528	1269	858	117	0.0	966
CC177238_001870	37	98.526	475	7	0	529	1003	516	42	0.0	839
CC177238_001870	52	96.831	284	9	0	244	527	284	1	1.39e-134	475
CC177238_001870	29	95.789	285	12	0	760	1044	566	850	3.88e-130	460
CC177238_001870	29	96.154	260	10	0	214	473	2	261	1.41e-119	425
CC177238_001870	64	99.451	182	1	0	31	212	182	1	3.17e-91	331
CC177238_001870	3	80.499	441	71	13	12	441	6458	6894	5.31e-89	324
CC177238_001870	3	77.885	520	89	19	760	1269	7230	7733	8.95e-82	300
CC177238_001870	61	91.163	215	19	0	1045	1259	215	1	1.50e-79	292
CC177238_001870	50	77.953	254	44	10	1	242	97	350	3.43e-36	148
CC177238_001870	16	100.000	30	0	0	1	30	30	1	2.14e-08	56.5
CC177238_001871	37	98.643	516	7	0	529	1044	516	1	0.0	915
CC177238_001871	28	87.919	745	84	6	528	1269	858	117	0.0	872
CC177238_001871	52	96.127	284	11	0	244	527	284	1	3.00e-131	464
CC177238_001871	29	96.887	257	8	0	217	473	5	261	3.04e-121	431
CC177238_001871	29	95.492	244	11	0	760	1003	566	809	5.16e-109	390
CC177238_001871	3	81.859	441	65	13	12	441	6458	6894	5.23e-99	357
CC177238_001871	3	75.624	521	99	23	760	1269	7230	7733	9.20e-62	233
CC177238_001871	64	100.000	182	0	0	31	212	182	1	6.82e-93	337
CC177238_001871	61	93.953	215	13	0	1045	1259	215	1	1.48e-89	326
CC177238_001871	50	79.608	255	40	10	1	243	97	351	2.04e-43	172
CC177238_001871	16	100.000	30	0	0	1	30	30	1	2.14e-08	56.5
CC177238_001872	3	90.318	1291	95	23	12	1287	6458	7733	0.0	1664
CC177238_001872	29	74.568	869	155	51	214	1049	2	837	6.97e-88	320
CC177238_001872	52	89.583	192	16	4	244	433	284	95	5.58e-64	241
CC177238_001872	61	85.000	220	23	8	1063	1277	215	1	3.38e-56	215
CC177238_001872	50	86.207	145	18	2	100	243	208	351	2.08e-38	156
CC177238_001873	14	99.111	900	8	0	1	900	13665	14564	0.0	1618
CC177238_001874	14	99.830	3528	6	0	1	3528	10141	13668	0.0	6482
CC177238_001875	14	100.000	516	0	0	1	516	10022	9507	0.0	953
CC177238_001876	14	98.320	774	13	0	1	774	8484	9257	0.0	1358
CC177238_001877	14	99.714	1398	4	0	1	1398	7090	8487	0.0	2560
CC177238_001878	14	99.553	447	2	0	1	447	6634	7080	0.0	815
CC177238_001879	14	99.519	1248	6	0	1	1248	6508	5261	0.0	2272
CC177238_001880	14	96.502	486	17	0	1	486	5192	4707	0.0	804
CC177238_001881	14	96.151	1455	56	0	1	1455	4705	3251	0.0	2377
CC177238_001882	14	98.219	393	7	0	1	393	3248	2856	0.0	688
CC177238_001883	14	99.535	1722	8	0	1	1722	2859	1138	0.0	3136
CC177238_001884	14	99.450	909	5	0	1	909	1141	233	0.0	1652
CC177238_001885	23	99.296	1136	8	0	82	1217	1136	1	0.0	2054
CC177238_001885	1	87.828	838	80	18	1691	2517	356655	355829	0.0	963
CC177238_001885	1	82.723	573	77	18	1956	2517	353118	352557	9.89e-139	490
CC177238_001885	42	96.186	472	18	0	1219	1690	1	472	0.0	773
CC177238_001885	21	98.765	81	1	0	1	81	1752	1832	8.87e-35	145
CC177238_001885	14	98.750	80	1	0	1	80	81	2	3.19e-34	143
CC177238_001886	1	99.900	1992	2	0	1	1992	355829	353838	0.0	3668
CC177238_001887	1	99.837	612	1	0	1	612	353836	353225	0.0	1125
CC177238_001888	1	95.331	257	12	0	1	257	353138	352882	6.41e-115	409
CC177238_001888	1	94.937	237	12	0	21	257	356390	356154	8.41e-104	372
CC177238_001888	1	97.778	90	2	0	493	582	352646	352557	9.22e-39	156
CC177238_001888	1	96.667	90	3	0	493	582	355918	355829	4.29e-37	150
H8R34_000001	10	100.000	1173	0	0	1	1173	2623	3795	0.0	2167
H8R34_000002	10	100.000	993	0	0	1	993	3776	4768	0.0	1834
H8R34_000003	10	100.000	1812	0	0	1	1812	4769	6580	0.0	3347
H8R34_000004	10	100.000	438	0	0	1	438	6561	6998	0.0	809
H8R34_000005	10	100.000	765	0	0	1	765	7010	7774	0.0	1413
H8R34_000006	10	100.000	798	0	0	1	798	7777	8574	0.0	1474
H8R34_000007	10	100.000	621	0	0	1	621	8645	9265	0.0	1147
H8R34_000008	10	100.000	2193	0	0	1	2193	9529	11721	0.0	4050
H8R34_000008	10	83.333	108	10	6	2048	2154	11414	11514	2.84e-19	93.5
H8R34_000008	10	83.333	108	10	6	1886	1986	11576	11682	2.84e-19	93.5
H8R34_000011	10	100.000	1920	0	0	1	1920	13805	15724	0.0	3546
H8R34_000015	10	100.000	5799	0	0	1	5799	17160	22958	0.0	10709
H8R34_000016	10	100.000	729	0	0	1	729	23095	23823	0.0	1347
H8R34_000017	10	100.000	705	0	0	1	705	24537	23833	0.0	1303
H8R34_000018	10	100.000	1389	0	0	1	1389	25948	24560	0.0	2566
H8R34_000019	10	100.000	552	0	0	1	552	26499	25948	0.0	1020
H8R34_000020	10	100.000	282	0	0	1	282	26693	26974	3.69e-149	521
H8R34_000021	10	100.000	612	0	0	1	612	27003	27614	0.0	1131
H8R34_000022	10	100.000	654	0	0	1	654	27618	28271	0.0	1208
H8R34_000023	10	100.000	1227	0	0	1	1227	28390	29616	0.0	2266
H8R34_000024	10	100.000	264	0	0	1	264	29724	29987	3.48e-139	488
H8R34_000024	10	94.286	70	3	1	196	264	40664	40733	4.10e-24	106
H8R34_000025	10	100.000	99	0	0	1	99	29984	30082	6.03e-48	183
H8R34_000025	10	100.000	96	0	0	1	96	40730	40825	2.81e-46	178
H8R34_000026	10	100.000	258	0	0	1	258	30466	30209	7.35e-136	477
H8R34_000027	10	100.000	219	0	0	1	219	30958	31176	2.94e-114	405
H8R34_000028	10	100.000	1794	0	0	1	1794	31345	33138	0.0	3314
H8R34_000029	10	100.000	615	0	0	1	615	33875	33261	0.0	1136
H8R34_000030	10	100.000	324	0	0	1	324	34563	34240	1.92e-172	599
H8R34_000031	10	100.000	264	0	0	1	264	34734	34997	3.48e-139	488
H8R34_000032	10	100.000	2769	0	0	1	2769	35010	37778	0.0	5114
H8R34_000033	10	100.000	558	0	0	1	558	37789	38346	0.0	1031
H8R34_000034	10	100.000	666	0	0	1	666	38343	39008	0.0	1230
H8R34_000035	10	100.000	426	0	0	1	426	39042	39467	0.0	787
H8R34_000036	10	100.000	276	0	0	1	276	39483	39758	7.80e-146	510
H8R34_000037	10	100.000	972	0	0	1	972	39762	40733	0.0	1796
H8R34_000037	10	94.286	70	3	1	903	972	29919	29987	1.60e-23	106
H8R34_000038	10	100.000	903	0	0	97	999	1	903	0.0	1668
H8R34_000038	10	100.000	96	0	0	1	96	29984	30079	3.43e-45	178
H8R34_000038	10	100.000	96	0	0	1	96	40730	40825	3.43e-45	178
H8R34_000039	10	100.000	168	0	0	1	168	893	1060	4.94e-86	311
H8R34_000040	10	100.000	663	0	0	1	663	1050	1712	0.0	1225
H8R34_000041	10	100.000	888	0	0	1	888	1709	2596	0.0	1640
