FOC43_08580	9	100.000	2466	0	0	1	2466	16041	13576	0.0	4554
FOC43_08585	9	100.000	288	0	0	1	288	16332	16045	1.66e-152	532
FOC43_08590	9	100.000	297	0	0	1	297	16628	16332	1.71e-157	549
FOC43_08595	9	100.000	939	0	0	1	939	17576	16638	0.0	1735
FOC43_08600	9	100.000	414	0	0	1	414	18397	17984	0.0	765
FOC43_08605	9	100.000	915	0	0	1	915	19314	18400	0.0	1690
FOC43_08610	9	100.000	157	0	0	1	157	20261	20417	7.50e-80	291
FOC43_08610	20	100.000	44	0	0	158	201	1932	1889	4.91e-17	82.4
FOC43_08615	20	100.000	468	0	0	1	468	1778	1311	0.0	865
FOC43_08620	20	100.000	1251	0	0	1	1251	1309	59	0.0	2311
FOC43_08620	1	77.549	1265	242	38	6	1249	573473	572230	0.0	725
FOC43_08625	15	100.000	316	0	0	1	316	5631	5946	5.13e-168	584
FOC43_08630	15	100.000	369	0	0	1	369	5441	5073	0.0	682
FOC43_08635	15	100.000	2157	0	0	1	2157	5095	2939	0.0	3984
FOC43_08640	15	100.000	225	0	0	1	225	2676	2900	1.34e-117	416
FOC43_08645	15	100.000	687	0	0	1	687	1987	2673	0.0	1269
FOC43_08650	15	100.000	396	0	0	1	396	1544	1939	0.0	732
FOC43_08655	15	100.000	468	0	0	1	468	1013	1480	0.0	865
FOC43_08660	15	100.000	684	0	0	1	684	325	1008	0.0	1264
FOC43_08665	15	100.000	243	0	0	1	243	90	332	1.43e-127	449
FOC43_08725	20	99.781	457	0	1	1	456	1778	1322	0.0	837
FOC43_08735	9	100.000	712	0	0	1	712	712	1	0.0	1315
FOC43_08740	9	100.000	1824	0	0	1	1824	2546	723	0.0	3369
FOC43_08745	9	100.000	2214	0	0	1	2214	4756	2543	0.0	4089
FOC43_08750	9	100.000	363	0	0	1	363	5250	4888	0.0	671
FOC43_08755	9	100.000	546	0	0	1	546	5892	5347	0.0	1009
FOC43_08760	9	100.000	1242	0	0	1	1242	7126	5885	0.0	2294
FOC43_08765	9	100.000	444	0	0	1	444	7573	7130	0.0	821
FOC43_08770	9	100.000	972	0	0	1	972	8541	7570	0.0	1796
FOC43_08775	9	100.000	696	0	0	1	696	9436	8741	0.0	1286
FOC43_08780	9	100.000	1188	0	0	1	1188	10644	9457	0.0	2194
FOC43_08785	9	100.000	264	0	0	1	264	10894	10631	3.32e-139	488
FOC43_08785	3	94.681	188	10	0	1	188	124296	124109	2.80e-80	292
FOC43_08790	9	100.000	789	0	0	1	789	11731	10943	0.0	1458
FOC43_08795	9	100.000	579	0	0	1	579	12896	12318	0.0	1070
FOC43_08800	9	100.000	672	0	0	1	672	13579	12908	0.0	1242
THJ028_18920	1	94.118	51	1	1	1339	1389	502424	502472	1.72e-14	76.8
THJ028_19080	9	88.889	63	7	0	58	120	12833	12771	1.91e-15	78.7
THJ028_19120	9	75.909	220	37	16	25	234	8706	8493	2.60e-21	99.0
THJ114_17070	1	89.823	226	18	4	1	225	505935	505714	8.07e-78	285
THJ114_17070	1	92.818	181	10	3	1	181	502195	502018	4.89e-70	259
THJ114_17080	1	87.500	1104	81	36	1	1056	505405	504311	0.0	1221
THJ114_17080	1	88.785	642	61	7	1	635	501647	501010	0.0	776
THJ114_17080	1	90.323	465	30	13	877	1335	506542	506087	1.02e-170	595
THJ114_17080	1	85.776	464	50	12	877	1335	500795	500343	3.87e-135	477
THJ114_17080	1	85.950	484	22	28	1	440	507424	506943	1.39e-134	475
THJ114_17080	1	84.855	482	28	28	1	440	508783	508305	3.92e-125	444
THJ114_17080	1	87.356	261	28	5	1075	1334	507757	507501	4.18e-80	294
THJ114_17080	1	97.753	89	2	0	875	963	507957	507869	7.41e-38	154
THJ114_17080	1	80.000	110	22	0	1226	1335	504150	504041	3.54e-16	82.4
THJ114_17090	1	99.118	567	5	0	1	567	503434	504000	0.0	1020
THJ114_17090	2	81.237	485	83	7	27	507	260426	259946	1.00e-107	385
THJ114_17100	1	98.596	855	12	0	1	855	502568	503422	0.0	1513
THJ114_17100	2	78.704	864	166	15	1	855	261319	260465	2.37e-160	560
THJ114_17360	9	75.342	219	38	16	25	233	8706	8494	4.35e-19	91.6
CC177238_001784	1	96.129	155	6	0	257	411	262794	262948	3.99e-68	254
CC177238_001829	1	93.501	477	29	2	760	1235	454111	453636	0.0	708
CC177238_001829	1	92.616	474	33	2	1	473	454889	454417	0.0	680
CC177238_001833	1	84.513	904	111	28	1	891	458772	457885	0.0	867
CC177238_001862	1	95.122	41	1	1	57	96	79248	79288	5.10e-11	63.9
CC177238_001864	1	89.932	735	56	6	769	1503	459846	459130	0.0	931
CC177238_001865	1	96.000	300	11	1	1	300	459122	458824	1.37e-138	486
CC177238_001866	1	84.048	909	111	33	1	896	458772	457885	0.0	845
CC177238_001866	1	88.750	160	18	0	1458	1617	457173	457014	1.48e-50	196
CC177238_001866	1	95.238	84	4	0	1083	1166	457647	457564	1.17e-31	134
CC177238_001867	1	85.477	723	98	5	13	730	457028	456308	0.0	747
CC177238_001867	1	89.916	119	12	0	612	730	455054	454936	4.09e-38	154
CC177238_001869	1	87.789	475	54	4	1	473	454889	454417	5.93e-158	553
CC177238_001869	1	84.025	482	65	11	761	1236	454111	453636	6.19e-128	453
CC177238_001870	1	92.827	474	32	2	1	473	454889	454417	0.0	686
CC177238_001870	1	89.792	480	41	7	761	1236	454111	453636	1.25e-174	608
CC177238_001870	2	77.833	203	39	4	1063	1262	184540	184739	7.13e-28	121
CC177238_001871	1	93.501	477	29	2	761	1236	454111	453636	0.0	708
CC177238_001871	1	92.842	475	30	4	1	473	454889	454417	0.0	686
CC177238_001872	1	74.826	1291	251	59	1	1254	454889	453636	7.90e-147	516
CC177238_001873	1	94.643	112	4	2	790	900	453488	453598	1.37e-43	172
CC177238_001885	1	89.809	157	12	4	2015	2169	262794	262948	6.41e-51	198
CC177238_001888	1	93.605	172	11	0	411	582	263122	263293	2.34e-69	257
CC177238_001888	1	96.129	155	6	0	80	234	262794	262948	3.03e-68	254
H8R34_000037	9	76.364	220	36	16	25	234	8706	8493	5.48e-23	104
