STL3553_p00320	43	83.951	324	50	2	7	329	8594	8916	1.52e-84	309
STL3553_p00330	94	100.000	456	0	0	4	459	13922	13467	0.0	843
STL3553_p00330	66	89.890	455	46	0	1	455	33794	34248	8.67e-168	586
STL3553_p00340	94	100.000	363	0	0	1	363	13449	13087	0.0	671
STL3553_p00350	94	100.000	237	0	0	1	237	13090	12854	1.27e-123	438
STL3553_p00360	94	100.000	669	0	0	1	669	12818	12150	0.0	1236
STL3553_p00370	94	100.000	684	0	0	1	684	12075	11392	0.0	1264
STL3553_p00441	94	100.000	501	0	0	1	501	8932	9432	0.0	926
STL3553_p00450	94	99.881	840	1	0	1	840	7965	8804	0.0	1546
STL3553_p00460	94	100.000	108	0	0	1	108	5282	5389	2.67e-51	200
STL3553_p00470	94	99.803	1014	2	0	1	1014	5250	4237	0.0	1862
STL3553_p00480	94	100.000	585	0	0	1	585	4268	3684	0.0	1081
STL3553_p00490	94	100.000	561	0	0	1	561	3558	2998	0.0	1037
STL3553_p00490	43	78.182	440	84	12	7	440	2254	2687	1.22e-72	270
STL3553_p00500	94	99.966	2967	1	0	1	2967	2995	29	0.0	5474
STL3553_p00500	43	89.720	2967	305	0	1	2967	7604	10570	0.0	3790
CFNIH1_25085	94	99.901	1014	1	0	1	1014	5250	4237	0.0	1868
CFNIH1_25095	94	100.000	42	0	0	226	267	12216	12175	3.62e-15	78.7
CFNIH1_25685	43	100.000	37	0	0	2952	2988	4140	4176	2.63e-11	69.4
CFNIH1_25685	43	100.000	37	0	0	2952	2988	10603	10567	2.63e-11	69.4
CFNIH1_25685	94	100.000	32	0	0	2957	2988	1	32	1.58e-08	60.2
CFNIH1_25690	94	82.763	2982	490	21	1	2973	2995	29	0.0	2638
CFNIH1_25690	43	82.596	2982	495	20	1	2973	7604	10570	0.0	2610
CFNIH1_25695	94	77.840	537	113	6	13	546	3546	3013	7.11e-90	327
CFNIH1_25700	94	99.704	1014	3	0	1	1014	5250	4237	0.0	1857
CFNIH1_25710	94	100.000	348	0	0	1	348	7624	7971	0.0	643
CFNIH1_25715	94	99.762	840	2	0	1	840	7965	8804	0.0	1541
CFNIH1_25745	94	99.353	309	2	0	1	309	4852	5160	3.45e-160	560
CFNIH1_25750	94	99.881	837	1	0	1	837	7968	8804	0.0	1541
CFNIH1_26025	94	100.000	58	0	0	1	58	5333	5390	1.15e-23	108
CFNIH1_26080	94	100.000	856	0	0	1	856	10393	9538	0.0	1581
CFNIH1_26085	94	100.000	1680	0	0	1	1680	12075	10396	0.0	3103
CFNIH1_26090	94	100.000	708	0	0	1	708	12857	12150	0.0	1308
CFNIH1_26105	94	96.882	1700	43	9	1	1695	15161	13467	0.0	2837
CFNIH1_26105	66	82.972	1709	246	33	1	1691	32567	34248	0.0	1502
CFNIH1_26115	66	86.989	269	35	0	1	269	32220	32488	5.68e-83	303
CFNIH1_26120	66	99.713	349	1	0	18	366	31856	32204	0.0	640
CFNIH1_26125	66	99.561	456	2	0	1	456	31782	31327	0.0	832
KPNIH10_26570	37	72.450	2000	473	67	340	2300	25589	27549	4.60e-162	569
KPNIH10_26625	52	88.406	69	8	0	1267	1335	19525	19457	5.42e-16	84.2
KPNIH10_26690	94	100.000	279	0	0	1	279	3962	3684	6.78e-147	516
KPNIH10_26720	94	100.000	178	0	0	1	178	8932	9109	6.75e-91	329
KPNIH10_26785	211	100.000	307	0	0	1	307	20	326	2.15e-162	568
KPNIH10_26790	121	99.517	828	4	0	1	828	4494	3667	0.0	1507
KPNIH10_26795	121	99.074	864	8	0	1	864	3670	2807	0.0	1552
KPNIH10_26800	121	99.879	828	1	0	1	828	2798	1971	0.0	1524
KPNIH10_26805	121	99.308	1011	7	0	1	1011	1962	952	0.0	1829
KPNIH10_26810	121	99.770	870	2	0	1	870	958	89	0.0	1596
KPNIH10_26815	211	100.000	307	0	0	1	307	20	326	4.40e-162	568
KPNIH10_26815	62	100.000	205	0	0	308	512	1	205	2.21e-105	379
KPNIH10_26815	62	100.000	124	0	0	513	636	2056	2179	2.36e-60	230
KPNIH10_26830	27	96.591	264	9	0	1	264	17795	18058	1.42e-123	438
KPNIH10_26835	27	98.864	264	3	0	1	264	17780	17517	1.40e-133	472
KPNIH10_26840	27	97.163	282	8	0	1	282	17293	17012	3.24e-135	477
KPNIH10_26845	27	85.140	572	81	4	1	570	16977	16408	1.41e-166	582
KPNIH10_26850	27	89.161	2777	297	4	1	2775	16310	13536	0.0	3458
KPNIH10_26850	11	77.489	1999	367	71	694	2652	40750	38795	0.0	1122
KPNIH10_26860	27	98.569	489	7	0	1	489	2585	2097	0.0	865
KPNIH10_26865	27	97.832	692	15	0	272	963	1932	1241	0.0	1195
KPNIH10_26865	27	94.340	212	9	3	1	211	2110	1901	5.80e-88	322
KPNIH10_27960	94	99.920	1255	1	0	1	1255	12075	10821	0.0	2313
KPNIH10_27980	94	100.000	1695	0	0	1	1695	15161	13467	0.0	3131
KPNIH10_27980	66	82.415	1706	245	43	9	1691	32575	34248	0.0	1437
KPNIH27_27270	94	99.045	314	3	0	1	314	5250	4937	6.61e-161	564
KPNIH27_28470	27	96.454	282	10	0	1	282	17293	17012	7.01e-132	466
KPNIH27_28475	27	84.790	572	83	4	1	570	16977	16408	3.04e-163	571
KPNIH27_28480	27	88.555	2866	308	17	1	2850	16310	13449	0.0	3458
KPNIH27_28480	11	77.389	1999	369	73	694	2652	40750	38795	0.0	1110
KPNIH27_28490	27	86.335	644	85	3	1	642	11974	11332	0.0	699
KPNIH27_28490	27	98.592	213	2	1	616	827	10369	10157	3.76e-104	375
KPNIH27_28495	27	99.129	459	4	0	1	459	10069	9611	0.0	826
KPNIH27_28500	27	94.105	916	52	2	1	915	9588	8674	0.0	1391
KPNIH27_28505	27	95.383	888	41	0	1	888	8571	7684	0.0	1413
KPNIH27_28510	27	93.313	643	42	1	1	642	7587	6945	0.0	948
KPNIH27_28515	27	95.899	1146	47	0	1	1146	6896	5751	0.0	1857
KPNIH27_28520	27	99.773	441	1	0	1	441	5761	5321	0.0	809
KPNIH27_28525	27	85.027	1496	212	12	1	1490	5317	3828	0.0	1511
KPNIH27_28540	27	90.543	1142	104	4	13	1152	1209	70	0.0	1507
KPNIH27_28635	52	88.406	69	8	0	1267	1335	19525	19457	5.42e-16	84.2
KPNIH27_28735	43	86.918	558	73	0	1	558	4730	4173	6.26e-180	627
KPNIH27_28750	43	82.500	400	56	6	1	390	7158	6763	2.26e-93	339
KPNIH27_28755	43	88.316	291	34	0	1	291	7445	7155	7.62e-97	350
KPNIH27_28760	43	89.228	2980	295	24	1	2967	7604	10570	0.0	3701
KPNIH27_28760	94	86.876	2987	352	37	1	2967	2995	29	0.0	3308
KPNIH27_29490	1	73.580	1408	332	29	235	1628	365935	364554	3.41e-142	503
KONIH1_29700	43	100.000	291	0	0	1	291	7445	7155	1.52e-153	538
KONIH1_29705	43	97.632	380	0	1	1	371	7158	6779	0.0	643
KONIH1_29705	43	100.000	32	0	0	371	402	6547	6516	2.03e-09	60.2
KONIH1_29710	43	100.000	357	0	0	1	357	6526	6170	0.0	660
KONIH1_29715	43	100.000	327	0	0	1	327	5915	5589	1.67e-173	604
KONIH1_29715	77	88.889	135	15	0	193	327	4105	4239	9.34e-42	167
KONIH1_29720	43	100.000	501	0	0	1	501	5592	5092	0.0	926
KONIH1_29725	43	100.000	372	0	0	1	372	5095	4724	0.0	688
KONIH1_29730	43	100.000	558	0	0	1	558	4730	4173	0.0	1031
KONIH1_29780	52	88.406	69	8	0	1267	1335	19525	19457	5.42e-16	84.2
KONIH1_31660	43	92.724	1773	127	2	9	1779	8798	10570	0.0	2558
KONIH1_31660	94	90.260	1766	172	0	14	1779	1794	29	0.0	2309
KPNIH24_26845	43	93.830	1329	82	0	1	1329	2812	4140	0.0	2001
KPNIH24_26845	43	80.414	2318	414	34	616	2913	8219	10516	0.0	1729
KPNIH24_26845	94	78.793	2419	457	46	523	2913	2473	83	0.0	1574
KPNIH24_26850	43	90.374	561	54	0	1	561	2248	2808	0.0	737
KPNIH24_26850	94	77.154	534	116	6	13	543	3546	3016	3.35e-83	305
ECNIH2_24390	37	72.514	2001	470	69	340	2300	25589	27549	9.88e-164	575
ECNIH2_25695	66	94.400	125	7	0	1	125	34270	34394	1.74e-49	193
ECNIH2_25700	66	90.682	1685	155	2	1	1684	32567	34250	0.0	2241
ECNIH2_25700	94	82.003	1717	256	38	1	1686	15161	13467	0.0	1410
ECR091_22795	37	72.514	2001	470	69	340	2300	25589	27549	9.88e-164	575
ECR091_22845	27	90.261	1150	108	4	5	1152	1217	70	0.0	1500
ECR091_22860	27	85.227	1496	209	12	1	1490	5317	3828	0.0	1528
ECR091_22865	27	99.320	441	3	0	1	441	5761	5321	0.0	798
ECR091_22870	27	96.161	1146	44	0	1	1146	6896	5751	0.0	1873
ECR091_22875	27	93.791	612	38	0	1	612	7587	6976	0.0	920
ECR091_22880	27	95.608	888	39	0	1	888	8571	7684	0.0	1424
ECR091_22885	27	94.323	916	50	2	1	915	9588	8674	0.0	1402
ECR091_22890	27	99.564	459	2	0	1	459	10069	9611	0.0	837
ECR091_22895	27	99.479	192	1	0	1	192	10348	10157	4.84e-97	350
ECR091_22900	27	85.921	483	66	2	1	482	11974	11493	4.46e-146	514
ECR091_22910	27	88.787	2827	309	8	1	2823	16310	13488	0.0	3458
ECR091_22910	11	77.339	1999	370	73	694	2652	40750	38795	0.0	1105
ECR091_22915	27	84.939	571	84	2	1	570	16977	16408	6.54e-165	577
ECR091_22920	27	97.163	282	8	0	1	282	17293	17012	3.24e-135	477
ECR091_22925	27	98.864	264	3	0	1	264	17780	17517	1.40e-133	472
ECNIH3_21985	43	99.720	357	1	0	1	357	6526	6170	0.0	654
ECNIH3_23275	66	90.742	1685	154	2	1	1684	32567	34250	0.0	2246
ECNIH3_23275	94	82.003	1717	256	38	1	1686	15161	13467	0.0	1410
ECNIH3_23405	43	92.754	2967	215	0	1	2967	7604	10570	0.0	4289
ECNIH3_23405	94	90.226	2967	290	0	1	2967	2995	29	0.0	3873
PMK1_a00028	29	76.778	1111	256	2	1	1110	52135	51026	5.91e-178	621
PMK1_a00062	27	96.471	255	9	0	1	255	18034	17780	1.39e-118	422
PMK1_a00066	27	89.161	2777	297	4	1	2775	16310	13536	0.0	3458
PMK1_a00066	11	77.489	1999	367	71	694	2652	40750	38795	0.0	1122
PMK1_a00068	27	98.133	750	12	2	1	750	2844	2097	0.0	1306
PMK1_c00075	43	100.000	305	0	0	1	305	5915	5611	2.72e-161	564
PMK1_c00079	43	100.000	2967	0	0	1	2967	7604	10570	0.0	5480
PMK1_c00079	94	89.687	2967	306	0	1	2967	2995	29	0.0	3784
PMK1_ndm00060	43	79.151	518	95	11	14	526	9054	9563	1.95e-95	346
PMK1_ndm00073	14	79.528	1270	234	23	1	1257	22745	21489	0.0	881
PMK1_ndm00236	66	86.683	398	53	0	1	398	31782	31385	1.88e-124	442
PMK1_ndm00243	94	99.573	1873	8	0	1053	2925	1901	29	0.0	3415
PMK1_ndm00243	94	100.000	1058	0	0	1	1058	2995	1938	0.0	1954
PMK1_ndm00243	43	89.622	1879	195	0	1047	2925	8692	10570	0.0	2390
PMK1_ndm00243	43	89.225	1058	114	0	1	1058	7604	8661	0.0	1323
PMK1_ndm00251	66	99.713	349	1	0	33	381	31856	32204	0.0	640
MJ49_26015	43	98.485	66	1	0	241	306	10604	10539	8.88e-27	117
MJ49_26015	43	97.674	43	1	0	238	280	4136	4178	5.42e-14	75.0
MJ49_26015	94	100.000	60	0	0	247	306	1	60	4.13e-25	111
MJ49_26020	94	99.888	2671	3	0	9	2679	2699	29	0.0	4916
MJ49_26020	43	89.854	2671	271	0	9	2679	7900	10570	0.0	3432
MJ49_26090	94	99.923	1291	1	0	1	1291	12111	10821	0.0	2379
MJ49_26125	66	87.749	351	43	0	1	351	31854	32204	4.22e-115	411
MJ49_26175	43	82.111	1677	270	25	37	1698	8855	10516	0.0	1408
MJ49_26175	43	92.982	114	8	0	1	114	4027	4140	5.29e-41	167
MJ49_26175	94	81.530	1673	269	32	46	1698	1735	83	0.0	1341
MJ49_26180	66	97.297	37	1	0	305	341	34396	34432	1.40e-10	63.9
AB186_01305	94	82.730	2982	491	21	1	2973	2995	29	0.0	2632
AB186_01305	43	82.562	2982	496	20	1	2973	7604	10570	0.0	2604
AB186_01315	94	100.000	180	0	0	1	180	4099	4278	4.54e-92	333
AB186_01530	94	84.087	553	86	2	10	561	3549	2998	1.41e-151	532
AB186_01535	43	92.720	2967	216	0	1	2967	7604	10570	0.0	4283
AB186_01535	94	90.192	2967	291	0	1	2967	2995	29	0.0	3868
AB186_02525	27	90.806	1142	101	4	13	1152	1209	70	0.0	1524
AB186_02540	27	85.160	1496	210	12	1	1490	5317	3828	0.0	1522
AB186_02545	27	99.546	441	2	0	1	441	5761	5321	0.0	804
AB186_02550	27	96.073	1146	45	0	1	1146	6896	5751	0.0	1868
AB186_02555	27	93.468	643	41	1	1	642	7587	6945	0.0	953
AB186_02560	27	95.721	888	38	0	1	888	8571	7684	0.0	1430
AB186_02565	27	94.098	915	54	0	1	915	9588	8674	0.0	1391
AB186_02570	27	99.129	459	4	0	1	459	10069	9611	0.0	826
AB186_02575	27	86.185	637	85	3	1	636	11974	11340	0.0	686
AB186_02585	27	88.818	2826	310	6	1	2823	16310	13488	0.0	3463
AB186_02585	11	77.389	1999	369	71	694	2652	40750	38795	0.0	1110
AB186_02590	27	84.965	572	82	4	1	570	16977	16408	6.54e-165	577
AB186_02595	27	97.518	282	7	0	1	282	17293	17012	6.96e-137	483
AB186_02600	27	96.124	258	10	0	7	264	17379	17636	1.43e-118	422
AB187_00160	94	99.642	279	1	0	1	279	3962	3684	3.16e-145	510
AB187_00745	43	99.966	2967	1	0	1	2967	7604	10570	0.0	5474
AB187_00745	94	89.720	2967	305	0	1	2967	2995	29	0.0	3790
AB187_00930	22	73.333	675	166	10	1	668	31673	32340	2.05e-62	237
AGE78_00765	94	100.000	178	0	0	1	178	8932	9109	6.86e-91	329
AGE78_00770	94	100.000	180	0	0	1	180	8913	8734	4.54e-92	333
AGE78_00805	94	100.000	211	0	0	1	211	5180	5390	3.30e-109	390
AGE78_01610	43	100.000	61	0	0	1	61	4200	4140	1.21e-24	113
AGE78_01610	43	100.000	39	0	0	23	61	10565	10603	2.05e-12	73.1
AGE78_01610	94	100.000	34	0	0	23	56	34	1	1.23e-09	63.9
AGE78_01650	43	100.000	519	0	0	1	519	7604	8122	0.0	959
AGE78_01650	43	87.037	54	5	2	492	543	10247	10300	2.79e-09	60.2
AGE78_01650	94	89.189	518	56	0	1	518	2995	2478	0.0	647
AGE86_01535	27	95.238	105	5	0	13	117	3192	3088	2.97e-42	167
AGE86_01560	27	97.283	736	20	0	3	738	17375	18110	0.0	1249
AGE86_01585	62	99.694	327	1	0	1	327	2468	2142	7.77e-172	599
AGE86_01590	211	100.000	307	0	0	1	307	20	326	3.66e-162	568
AGE86_01590	62	100.000	205	0	0	308	512	1	205	1.84e-105	379
AGE86_01620	211	100.000	307	0	0	1	307	20	326	2.06e-162	568
AGE86_01870	94	100.000	152	0	0	14	165	12065	12216	2.01e-76	281
AGE86_01890	94	100.000	98	0	0	1	98	12120	12217	1.03e-46	182
ABY63_00485	66	99.140	349	3	0	18	366	31856	32204	1.12e-180	628
CTI69_27265	94	100.000	178	0	0	1	178	8932	9109	9.26e-91	329
CTI69_27350	94	100.000	174	0	0	1	174	12043	12216	9.45e-89	322
CTI69_27425	1	94.444	36	2	0	775	810	275087	275122	1.04e-07	56.5
CTI69_27490	66	91.738	351	29	0	1	351	31854	32204	1.89e-138	488
CTI69_27495	66	97.101	276	8	0	1	276	32220	32495	6.85e-132	466
CTI69_27500	66	95.252	1685	78	2	1	1684	32567	34250	0.0	2667
CTI69_27500	94	81.664	1707	264	40	9	1686	15153	13467	0.0	1373
CTI69_27510	66	96.000	125	5	0	1	125	34270	34394	8.03e-53	204
CTI69_27520	94	79.504	605	122	2	41	644	12817	12214	3.42e-120	429
CTI69_27520	94	83.758	314	44	5	637	948	4034	3726	1.68e-78	291
CTI69_27530	43	86.907	2971	355	24	1	2954	7604	10557	0.0	3301
CTI69_27530	94	88.825	2604	279	8	357	2954	2639	42	0.0	3186
CTI69_28000	27	100.000	74	0	0	1	74	1152	1079	2.96e-32	137
CTI69_28015	27	98.980	98	0	1	117	213	2917	2820	3.51e-44	174
CTI69_28015	27	95.327	107	5	0	13	119	3192	3086	4.54e-43	171
CTI69_28040	27	98.182	440	8	0	1	440	17469	17908	0.0	769
CTI69_28045	27	98.113	106	2	0	3	108	18005	18110	8.20e-48	185
CTI69_28070	211	100.000	307	0	0	1	307	20	326	3.58e-162	568
CTI69_28070	62	100.000	205	0	0	308	512	1	205	1.80e-105	379
CTI69_28715	43	79.070	516	95	11	1	511	9056	9563	2.33e-94	342
CTI69_28775	94	99.743	779	2	0	1	779	5250	4472	0.0	1428
CTI69_28910	94	100.000	123	0	0	34	156	12094	12216	1.87e-60	228
CTI69_29090	43	92.145	1464	115	0	1	1464	9107	10570	0.0	2067
CTI69_29090	94	90.437	1464	140	0	1	1464	1492	29	0.0	1929
CTI52_26990	27	89.161	2777	297	4	1	2775	16310	13536	0.0	3458
CTI52_26990	11	77.489	1999	367	71	694	2652	40750	38795	0.0	1122
CTI52_27100	52	88.406	69	8	0	1267	1335	19525	19457	5.42e-16	84.2
CTI52_27155	37	72.414	2001	472	69	340	2300	25589	27549	2.14e-160	564
CTI52_27435	43	82.473	1472	236	19	1	1461	9056	10516	0.0	1269
CTI52_27435	94	81.702	1481	231	32	1	1461	1543	83	0.0	1197
CTI52_27465	43	79.196	721	129	17	37	748	8855	9563	7.00e-136	481
CTI52_27465	43	92.982	114	8	0	1	114	4027	4140	2.23e-41	167
CTI52_27505	94	100.000	265	0	0	1	265	4298	4034	4.69e-139	490
AN676_0327915	14	78.127	1655	315	39	1	1633	22745	21116	0.0	1007
AN676_0327990	94	99.643	840	3	0	1	840	7965	8804	0.0	1535
AN676_0327995	94	99.444	180	1	0	1	180	8913	8734	2.11e-90	327
AN676_0328000	94	100.000	201	0	0	1	201	8932	9132	1.34e-103	372
AN676_0328475	66	99.510	204	1	0	1	204	31530	31327	1.11e-103	372
AN676_0328745	94	100.000	615	0	0	1	615	4298	3684	0.0	1136
AN676_0328785	211	100.000	307	0	0	1	307	20	326	3.58e-162	568
AN676_0328785	62	99.512	205	1	0	308	512	1	205	8.37e-104	374
AN676_0328845	27	97.200	250	5	2	1	250	2844	2597	1.36e-118	422
AN676_0328945	66	99.640	278	1	0	5	282	31604	31327	1.15e-144	508
AN676_0329220	94	99.859	708	1	0	1	708	12857	12150	0.0	1303
AN663_28520	94	100.000	49	0	0	1	49	7743	7695	6.52e-19	91.6
AN663_28525	94	100.000	277	0	0	60	336	7695	7971	1.07e-145	512
APL92_23600	94	100.000	135	0	0	64	198	7837	7971	5.23e-67	250
APL92_23710	66	97.222	36	1	0	145	180	34396	34431	2.36e-10	62.1
CTI57_26510	1	80.984	1646	307	6	25	1667	366145	364503	0.0	1301
CTI57_26885	27	85.160	1496	210	12	1	1490	5317	3828	0.0	1522
CTI57_26890	27	99.546	441	2	0	1	441	5761	5321	0.0	804
CTI57_26895	27	95.899	1146	47	0	1	1146	6896	5751	0.0	1857
CTI57_26900	27	93.954	612	37	0	1	612	7587	6976	0.0	926
CTI57_26905	27	95.270	888	42	0	1	888	8571	7684	0.0	1408
CTI57_26910	27	94.105	916	52	2	1	915	9588	8674	0.0	1391
CTI57_26915	27	98.475	459	7	0	1	459	10069	9611	0.0	809
CTI57_26920	27	100.000	141	0	0	1	141	10297	10157	1.64e-70	261
CTI57_26925	27	86.708	647	81	2	1	646	11974	11332	0.0	713
CTI57_26925	27	97.541	122	2	1	620	740	10369	10248	1.29e-53	207
CTI57_26930	27	97.414	1431	37	0	1	1431	13432	12002	0.0	2438
CTI57_26935	27	97.519	2862	71	0	1	2862	16310	13449	0.0	4892
CTI57_26935	11	78.091	1949	366	54	732	2651	40712	38796	0.0	1177
CTI57_26935	10	74.692	731	157	23	793	1512	98369	99082	8.21e-81	300
CTI57_26935	90	75.132	189	43	4	812	998	10422	10236	2.50e-16	86.1
CTI57_26940	27	98.429	573	6	1	1	573	16977	16408	0.0	1005
CTI57_26945	27	81.699	153	24	4	10	160	17167	17017	2.69e-29	124
CTI57_26950	27	98.106	264	5	0	1	264	17780	17517	3.04e-130	460
CTI57_26960	27	97.043	1623	48	0	1	1623	20272	18650	0.0	2732
CTI57_26965	27	98.603	1503	21	0	1	1503	21767	20265	0.0	2660
CTI57_26970	27	99.188	1600	13	0	1	1600	23379	21780	0.0	2883
CTI57_26975	27	97.962	2061	42	0	1	2061	25432	23372	0.0	3574
CTI57_26980	27	98.068	828	16	0	1	828	26273	25446	0.0	1441
CTI61_27310	94	82.730	2982	491	21	1	2973	2995	29	0.0	2632
CTI61_27310	43	82.562	2982	496	20	1	2973	7604	10570	0.0	2604
CTI61_27320	94	100.000	264	0	0	1	264	4298	4035	1.77e-138	488
CTI61_27325	94	99.803	1014	2	0	1	1014	5250	4237	0.0	1862
CTI61_27365	94	100.000	178	0	0	1	178	8932	9109	9.26e-91	329
CTI61_27385	94	99.219	128	0	1	34	161	12094	12220	6.24e-61	230
CTI61_27470	94	100.000	228	0	0	1	228	7744	7971	1.23e-118	422
B5G58_28090	25	80.078	1285	254	2	1	1284	86243	87526	0.0	953
B5G58_28130	94	100.000	806	0	0	1	806	2995	2190	0.0	1489
B5G58_28130	43	89.250	800	86	0	1	800	7604	8403	0.0	1002
B5G58_28165	66	86.989	269	35	0	1	269	32220	32488	1.58e-82	303
B5G58_29055	121	99.396	828	5	0	1	828	4494	3667	0.0	1502
B5G58_29080	211	100.000	307	0	0	1	307	20	326	3.64e-162	568
B5G58_29080	62	100.000	205	0	0	308	512	1	205	1.83e-105	379
B5G58_29145	27	100.000	89	0	0	1	89	1167	1079	1.37e-40	165
B5G58_30555	94	100.000	56	0	0	1	56	7574	7629	8.52e-23	104
B5G58_30555	94	100.000	43	0	0	1	43	5445	5487	1.44e-15	80.5
B5G58_30555	94	100.000	43	0	0	1	43	6967	7009	1.44e-15	80.5
B5G58_30600	43	99.798	2973	0	1	1	2973	7604	10570	0.0	5452
B5G58_30600	94	89.506	2973	306	4	1	2973	2995	29	0.0	3757
AB181_00220	94	99.800	501	1	0	1	501	8932	9432	0.0	920
AB181_00235	66	90.346	984	95	0	1	984	32567	33550	0.0	1291
AB181_00235	94	80.120	996	165	27	1	981	15161	14184	0.0	712
AB181_01095	94	82.797	2982	489	21	1	2973	2995	29	0.0	2643
AB181_01095	43	82.629	2982	494	20	1	2973	7604	10570	0.0	2615
AB181_01475	43	99.933	2967	2	0	1	2967	7604	10570	0.0	5469
AB181_01475	94	89.687	2967	306	0	1	2967	2995	29	0.0	3784
AB185_01250	94	99.899	993	1	0	1	993	10393	9401	0.0	1829
AB185_01275	66	88.332	1697	180	8	1	1694	32567	34248	0.0	2021
AB185_01275	94	88.149	1713	170	27	1	1698	15161	13467	0.0	2008
AB185_01965	43	80.139	1007	186	10	1	1000	7604	8603	0.0	739
AB185_01970	94	75.723	519	120	6	31	546	3528	3013	3.40e-68	255
AB185_02155	43	99.933	2967	2	0	1	2967	7604	10570	0.0	5469
AB185_02155	94	89.687	2967	306	0	1	2967	2995	29	0.0	3784
AB185_02705	94	100.000	1014	0	0	1	1014	5250	4237	0.0	1873
AB185_03585	38	86.096	187	26	0	13	199	32258	32072	1.86e-52	202
AB185_03590	4	87.207	1282	162	2	1	1281	119037	120317	0.0	1458
AB185_03590	38	82.837	1276	194	15	1	1268	33541	32283	0.0	1120
AB185_03590	58	77.599	1308	233	38	1	1281	15558	16832	0.0	737
AB185_03595	38	85.051	990	136	9	8	993	34525	33544	0.0	998
AB185_03595	4	84.930	1002	133	16	1	993	118042	119034	0.0	998
AB185_03595	58	80.619	1001	172	17	1	993	14569	15555	0.0	754
AB185_03600	4	88.227	705	83	0	1	705	117341	118045	0.0	843
AB185_03600	58	84.887	708	101	6	1	705	13868	14572	0.0	710
AB185_03600	38	84.844	706	105	2	1	705	35234	34530	0.0	710
AB185_03605	4	86.136	1356	180	7	1	1352	115955	117306	0.0	1456
AB185_03605	38	82.551	1364	219	15	1	1353	36617	35262	0.0	1182
AB185_03605	58	80.369	1029	197	4	1	1028	12482	13506	0.0	776
AB185_03610	38	83.396	265	40	4	1	263	36934	36672	1.51e-64	243
AB185_03615	4	88.363	739	78	8	4	738	114885	115619	0.0	881
AB185_03615	38	83.594	640	91	14	106	738	37578	36946	3.94e-168	588
AB185_03620	38	84.650	2456	348	28	1	2440	40121	37679	0.0	2420
AB185_03620	4	84.099	2459	375	16	1	2451	112429	114879	0.0	2361
AB185_03620	58	82.121	2405	414	15	1	2397	8975	11371	0.0	2045
AB185_03625	4	89.754	244	25	0	28	271	112171	112414	9.33e-86	313
AB185_03630	38	83.166	398	48	15	1	384	40795	40403	1.33e-95	346
AB185_03630	4	80.829	386	63	8	9	384	111766	112150	1.75e-79	292
AB185_03635	4	87.127	1072	133	4	1	1068	110697	111767	0.0	1210
AB185_03635	38	82.884	1075	173	7	1	1068	41862	40792	0.0	955
AB185_03640	38	87.097	465	60	0	1	465	42323	41859	5.40e-150	527
AB185_03640	4	88.084	428	51	0	1	428	110224	110651	1.96e-144	508
AB185_03640	58	83.298	467	71	5	1	465	6842	7303	7.29e-119	424
AB185_03645	38	84.798	2026	273	25	1	2016	44320	42320	0.0	2002
AB185_03645	4	81.157	2022	351	21	1	2016	108230	110227	0.0	1596
AB185_03645	58	79.613	2016	372	32	1	2004	4845	6833	0.0	1410
AB185_03675	4	75.673	3083	695	51	1	3060	100693	97643	0.0	1487
AB185_03695	38	86.767	1927	246	8	1	1921	56990	55067	0.0	2137
AB185_03695	4	86.098	1935	249	10	1	1919	90770	92700	0.0	2065
AB185_03695	76	80.306	1894	341	16	1	1878	23530	25407	0.0	1402
AB185_03700	4	84.828	435	58	8	15	444	90342	90773	4.15e-121	431
AB185_03700	38	88.272	324	38	0	121	444	57310	56987	2.53e-108	388
AB185_03705	4	88.750	560	61	2	42	600	89763	90321	0.0	684
AB185_03705	76	83.039	566	86	10	40	600	22570	23130	3.30e-143	505
AB185_03705	38	79.965	564	85	18	39	600	57976	57439	9.63e-109	390
AB185_03710	4	87.280	511	61	4	38	546	89229	89737	4.84e-166	580
AB185_03710	38	84.398	532	77	6	18	546	58539	58011	3.85e-147	518
AB185_03710	76	81.489	497	88	4	38	532	22038	22532	3.12e-113	405
AB185_03715	38	91.923	260	15	5	1	257	58849	58593	1.20e-99	359
AB185_03715	4	89.868	227	23	0	38	264	88945	89171	1.23e-79	292
AB185_03720	38	91.719	640	51	2	1	639	59484	58846	0.0	887
AB185_03720	4	89.875	642	59	5	1	639	88285	88923	0.0	821
AB185_03720	76	87.500	640	78	2	1	639	21130	21768	0.0	737
AB185_03720	27	100.000	31	0	0	18	48	39927	39897	1.18e-08	58.4
AB185_03725	4	91.145	847	70	3	1	843	87198	88043	0.0	1144
AB185_03725	38	86.203	819	101	9	31	843	60550	59738	0.0	876
AB185_03725	76	85.521	815	118	0	29	843	20074	20888	0.0	852
AB185_03730	4	92.657	286	19	2	1	285	86887	87171	3.37e-115	411
AB185_03730	38	86.415	265	30	6	1	262	60903	60642	2.13e-77	285
AB185_03730	76	87.440	207	22	3	47	251	19793	19997	2.18e-62	235
AB185_03735	38	91.051	771	66	1	1	768	61785	61015	0.0	1038
AB185_03740	38	92.308	351	27	0	1	351	62479	62129	8.74e-142	499
AB185_03745	4	82.500	240	36	6	1	237	84970	84734	1.40e-53	206
AB185_03750	38	93.194	191	13	0	1	191	63315	63125	1.98e-76	281
AB185_03750	4	88.235	136	12	3	68	201	84583	84716	9.68e-40	159
AB185_03755	38	96.508	315	11	0	1	315	63726	63412	1.66e-148	521
AB185_03755	4	90.159	315	31	0	1	315	84107	84421	3.75e-115	411
AB185_03760	4	88.644	1999	210	15	1	1992	80991	82979	0.0	2418
AB185_03760	25	79.093	1985	363	42	1	1962	90187	92142	0.0	1319
AB185_03765	4	86.178	832	110	3	1	831	80083	80910	0.0	894
AB185_03765	76	78.792	778	155	8	59	831	9804	10576	7.67e-146	514
AB185_03810	4	84.714	1014	153	2	34	1046	75275	76287	0.0	1013
AB185_03815	4	80.452	1151	213	11	1	1145	74046	75190	0.0	869
AB185_03815	25	73.960	1202	251	53	1	1171	81973	83143	4.16e-120	429
AB185_04155	4	99.593	246	1	0	1	246	120314	120559	6.11e-127	449
AB185_04160	4	95.483	1284	55	1	1	1284	119037	120317	0.0	2047
AB185_04160	38	81.875	1280	202	14	1	1271	33541	32283	0.0	1051
AB185_04165	4	97.180	993	28	0	1	993	118042	119034	0.0	1679
AB185_04165	38	85.224	961	125	12	40	993	34494	33544	0.0	972
AB185_04170	4	98.440	705	11	0	1	705	117341	118045	0.0	1242
AB185_04170	38	85.734	708	95	5	1	705	35234	34530	0.0	743
AB185_04175	4	98.757	1368	17	0	1	1368	115955	117322	0.0	2433
AB185_04175	38	81.567	1378	223	26	1	1361	36617	35254	0.0	1109
AB185_04175	58	79.739	1071	208	7	1	1068	12482	13546	0.0	767
AB185_04180	4	98.777	327	4	0	1	327	115632	115958	7.83e-167	582
AB185_04180	38	87.170	265	30	4	1	263	36934	36672	3.17e-81	298
AB185_04185	4	98.387	744	12	0	1	744	114876	115619	0.0	1308
AB185_04185	38	83.587	658	100	8	91	744	37599	36946	8.48e-175	610
AB185_04190	4	98.898	2451	27	0	1	2451	112429	114879	0.0	4377
AB185_04190	38	84.830	2406	345	20	1	2396	40121	37726	0.0	2403
AB185_04190	58	82.299	2401	421	4	1	2399	8975	11373	0.0	2076
AB185_04195	4	96.296	270	10	0	1	270	112147	112416	3.13e-125	444
AB185_04195	38	91.532	248	21	0	23	270	40381	40134	1.18e-94	342
AB185_04195	58	85.926	270	38	0	1	270	8690	8959	1.55e-78	289
AB185_04200	38	86.898	374	43	6	17	387	40773	40403	3.61e-116	414
AB185_04200	4	85.788	387	55	0	1	387	111764	112150	4.68e-115	411
AB185_04205	4	93.895	1081	65	1	1	1080	110697	111777	0.0	1629
AB185_04205	38	83.349	1081	167	12	1	1074	41862	40788	0.0	987
AB185_04205	58	85.044	916	135	2	57	971	7323	8237	0.0	931
AB185_04210	4	94.340	477	27	0	1	477	110224	110700	0.0	732
AB185_04210	58	86.453	406	51	4	1	404	6842	7245	2.07e-124	442
AB185_04215	4	91.252	1989	164	10	15	1998	108244	110227	0.0	2700
AB185_04215	38	83.075	1997	315	19	15	1998	44306	42320	0.0	1794
AB185_04215	58	82.055	1995	339	16	15	1998	4859	6845	0.0	1683
AB185_04220	4	94.260	906	52	0	1	906	107924	107019	0.0	1386
AB185_04225	4	97.547	530	13	0	1	530	106737	106208	0.0	907
AB185_04230	4	91.525	59	5	0	1	59	106159	106101	6.00e-16	82.4
AB185_04235	4	99.057	318	3	0	1	318	105380	105697	1.64e-163	571
AB185_04240	4	95.833	264	11	0	1	264	105058	105321	3.08e-120	427
AB185_04245	4	96.689	906	30	0	1	906	104120	105025	0.0	1507
AB185_04250	4	94.801	1404	73	0	1	1404	102623	104026	0.0	2189
AB185_04255	4	95.513	312	14	0	1	312	102522	102211	1.24e-141	499
AB185_04255	4	95.506	178	8	0	312	489	97338	97161	3.78e-77	285
AB185_04260	4	98.229	621	11	0	1	621	97145	96525	0.0	1086
AB185_04265	4	98.014	1158	23	0	1	1158	96528	95371	0.0	2012
AB185_04270	4	98.733	789	10	0	1	789	95341	94553	0.0	1402
AB185_04275	4	97.957	930	19	0	1	930	94461	93532	0.0	1613
AB185_04280	4	96.212	660	19	1	1	660	93493	92840	0.0	1075
AB185_04285	4	93.527	1993	129	0	1	1993	90770	92762	0.0	2966
AB185_04285	38	84.929	1984	288	7	1	1983	56990	55017	0.0	1997
AB185_04285	76	82.043	1899	317	21	74	1960	23591	25477	0.0	1596
AB185_04290	4	96.939	588	18	0	1	588	89734	90321	0.0	987
AB185_04290	76	81.040	596	97	14	1	588	22543	23130	7.09e-130	460
AB185_04295	4	98.208	558	10	0	1	558	89180	89737	0.0	976
AB185_04295	76	81.431	517	86	7	47	558	22035	22546	5.31e-116	414
AB185_04300	4	96.970	264	8	0	1	264	88920	89183	3.06e-125	444
AB185_04305	4	99.687	639	2	0	1	639	88285	88923	0.0	1170
AB185_04305	38	87.179	624	80	0	16	639	59469	58846	0.0	710
AB185_04305	76	85.647	641	88	4	1	639	21130	21768	0.0	671
AB185_04310	4	99.764	846	2	0	1	846	87198	88043	0.0	1552
AB185_04310	38	85.592	819	106	10	34	846	60550	59738	0.0	848
AB185_04310	76	84.672	822	122	3	27	846	20069	20888	0.0	817
AB185_04315	4	100.000	285	0	0	1	285	86887	87171	3.21e-150	527
AB185_04315	38	84.783	276	38	4	1	274	60903	60630	4.61e-74	274
AB185_04320	4	98.054	771	15	0	1	771	86005	86775	0.0	1341
AB185_04325	4	99.686	318	1	0	1	318	85345	85662	7.59e-167	582
AB185_04330	4	99.578	237	1	0	1	237	84970	84734	5.91e-122	433
AB185_04335	4	100.000	315	0	0	1	315	84107	84421	7.52e-167	582
AB185_04335	38	90.476	315	30	0	1	315	63726	63412	8.07e-117	416
AB185_04335	76	82.390	318	47	7	1	315	15403	15714	2.39e-72	268
AB185_04340	4	98.571	210	3	0	1	210	83122	83331	1.14e-103	372
AB185_04345	4	97.295	2070	56	0	1	2070	80991	83060	0.0	3513
AB185_04345	25	85.786	802	103	7	1156	1950	91333	92130	0.0	839
AB185_04345	25	79.576	896	170	10	1	894	90187	91071	6.65e-180	628
AB185_04350	4	99.638	828	3	0	1	828	80083	80910	0.0	1513
AB185_04350	25	84.922	829	120	3	1	828	89281	90105	0.0	833
AB185_04350	76	79.472	833	164	7	1	828	9746	10576	5.74e-167	584
AB185_04355	4	99.479	2304	12	0	1	2304	79537	77234	0.0	4189
AB185_04360	4	99.804	510	1	0	1	510	76658	77167	0.0	937
AB185_04360	25	81.316	471	83	4	1	470	84665	85131	6.34e-105	377
AB185_04365	4	99.812	1065	2	0	1	1065	75242	76306	0.0	1956
AB185_04365	4	100.000	30	0	0	74	103	75344	75315	7.21e-08	56.5
AB185_04370	4	99.833	1200	2	0	1	1200	74046	75245	0.0	2206
AB180_00435	94	100.000	58	0	0	1	58	5333	5390	1.15e-23	108
AB180_01225	66	90.801	1685	153	2	1	1684	32567	34250	0.0	2252
AB180_01225	94	82.062	1717	255	38	1	1686	15161	13467	0.0	1415
AB180_01255	94	84.000	400	62	2	9	407	3463	3065	1.13e-106	383
AGG42_00525	94	100.000	351	0	0	1	351	4034	3684	0.0	649
AGG42_00885	43	85.251	617	80	10	2	614	9960	10569	2.49e-179	625
AGG42_00885	94	84.039	614	93	5	2	614	639	30	1.17e-167	586
AGG42_00945	94	99.759	831	2	0	1	831	5250	4420	0.0	1524
AGG42_00950	94	100.000	210	0	0	1	210	5180	5389	1.58e-108	388
AGG42_01005	43	84.530	1170	181	0	1	1170	8801	9970	0.0	1158
AGG42_01005	94	84.179	1163	180	4	10	1170	1789	629	0.0	1125
AGG42_01305	27	97.585	207	3	2	1	207	2844	2640	4.07e-98	353
AGG42_01410	250	96.154	52	2	0	1	52	103	154	1.22e-17	86.1
AGG42_01410	29	94.231	52	3	0	1	52	84957	85008	5.66e-16	80.5
AGG69_01340	94	99.219	128	0	1	34	161	12094	12220	5.78e-61	230
AGH21_01125	43	99.747	2762	1	5	1	2759	7604	10362	0.0	5057
AGH21_01125	43	100.000	153	0	0	2733	2885	10418	10570	8.34e-76	283
AGH21_01125	94	89.392	2762	287	5	1	2759	2995	237	0.0	3472
AGH21_01125	94	93.197	147	10	0	2739	2885	175	29	8.58e-56	217
AGH21_01665	43	100.000	1508	0	0	2	1509	9063	10570	0.0	2785
AGH21_01665	94	89.987	1508	151	0	2	1509	1536	29	0.0	1949
AB183_00100	3	95.604	91	4	0	2	92	55276	55186	4.31e-36	147
AB284_00650	94	100.000	1716	0	0	1	1716	12111	10396	0.0	3169
AB284_00735	38	70.410	1487	370	65	1	1452	40121	38670	3.39e-64	244
AB284_00750	58	82.796	186	32	0	465	650	12955	13140	4.08e-41	167
AB284_00835	94	99.803	1014	2	0	1	1014	5250	4237	0.0	1862
AB284_00840	94	85.401	1685	239	7	1	1683	12075	10396	0.0	1742
AB284_00845	94	91.608	858	72	0	1	858	10393	9536	0.0	1186
AB284_00860	94	86.620	284	34	3	39	321	3964	3684	4.00e-85	311
AB284_00880	66	88.862	413	45	1	1	412	31782	31370	6.56e-144	507
AB190_00210	27	90.261	1150	108	4	5	1152	1217	70	0.0	1500
AB190_00225	27	85.094	1496	211	12	1	1490	5317	3828	0.0	1517
AB190_00230	27	98.866	441	5	0	1	441	5761	5321	0.0	787
AB190_00235	27	96.073	1146	45	0	1	1146	6896	5751	0.0	1868
AB190_00240	27	93.624	643	40	1	1	642	7587	6945	0.0	959
AB190_00250	27	93.996	916	53	2	1	915	9588	8674	0.0	1386
AB190_00255	27	99.346	459	3	0	1	459	10069	9611	0.0	832
AB190_00260	27	88.857	2827	307	8	1	2823	16310	13488	0.0	3469
AB190_00260	11	77.466	1997	371	68	694	2652	40750	38795	0.0	1122
AB190_00265	27	84.790	572	83	4	1	570	16977	16408	3.04e-163	571
AB190_00270	27	96.099	282	11	0	1	282	17293	17012	3.26e-130	460
AB190_00275	27	99.242	264	2	0	1	264	17780	17517	3.01e-135	477
AB190_00380	152	97.139	804	23	0	1	804	827	24	0.0	1358
AB190_00385	212	99.693	326	1	0	880	1205	326	1	1.36e-170	597
AB190_00385	214	99.688	320	1	0	559	878	321	2	2.94e-167	586
AB190_00385	213	99.062	320	3	0	560	879	320	1	6.37e-164	575
AB190_00385	152	99.340	303	2	0	1207	1509	1122	820	3.86e-156	549
AB190_00385	220	99.642	279	1	0	280	558	279	1	1.82e-144	510
AB190_00385	226	98.611	144	2	0	1	144	144	1	9.43e-68	255
AB190_00385	154	98.601	143	2	0	1	143	926	1068	3.39e-67	254
AB190_00385	272	100.000	134	0	0	145	278	134	1	1.58e-65	248
AB190_01055	1	76.036	338	68	13	172	501	432904	433236	3.43e-40	163
AB190_01060	1	75.351	783	181	8	75	851	433718	434494	2.39e-101	366
AB182_00500	94	100.000	152	0	0	14	165	12065	12216	1.70e-76	281
AB182_01515	94	75.530	519	121	6	31	546	3528	3013	1.58e-66	250
AB182_01635	66	91.816	391	32	0	10	400	31773	31383	1.39e-155	545
AB182_01640	66	90.571	350	31	2	1	349	31854	32202	1.15e-130	462
AB182_01645	66	90.975	277	23	2	1	276	32220	32495	1.54e-103	372
AB182_01655	66	89.230	1402	146	5	248	1647	32854	34252	0.0	1748
AB182_01655	94	84.506	1407	192	17	256	1643	14870	13471	0.0	1367
AB182_01660	66	91.200	125	11	0	1	125	34270	34394	8.14e-43	171
AB182_01675	43	86.276	2973	373	26	1	2957	7604	10557	0.0	3197
AB182_01675	94	84.817	2977	409	35	1	2957	2995	42	0.0	2953
AB182_01685	43	83.029	548	89	4	10	555	4721	4176	6.74e-140	494
AB182_01865	52	88.406	69	8	0	1267	1335	19525	19457	5.42e-16	84.2
AB182_03130	94	100.000	217	0	0	453	669	4034	4250	4.98e-112	401
AUO99_00130	22	95.000	40	2	0	392	431	87888	87849	4.34e-10	63.9
AUO99_00545	94	99.960	2472	1	0	1	2472	2995	524	0.0	4560
AUO99_00545	43	89.199	2472	267	0	1	2472	7604	10075	0.0	3086
AUO99_00725	43	79.196	721	129	17	10	721	8855	9563	7.00e-136	481
AUO99_00725	43	93.103	87	6	0	1	87	4054	4140	1.05e-29	128
AUO99_00805	94	100.000	201	0	0	1	201	3884	3684	1.09e-103	372
A6W14_22995	94	99.502	201	1	0	1	201	13449	13249	5.06e-102	366
