STL3553_p00320	Contig_75_32.1507	83.792	327	51	2	7	332	49705	49380	1.53e-84	309
STL3553_p00330	Contig_270_19.3292	99.782	459	1	0	1	459	1608	2066	0.0	843
STL3553_p00330	Contig_252_32.6536	89.890	455	46	0	1	455	34207	34661	8.69e-168	586
STL3553_p00340	Contig_270_19.3292	100.000	363	0	0	1	363	2084	2446	0.0	671
STL3553_p00350	Contig_270_19.3292	100.000	237	0	0	1	237	2443	2679	1.27e-123	438
STL3553_p00360	Contig_270_19.3292	100.000	669	0	0	1	669	2715	3383	0.0	1236
STL3553_p00370	Contig_270_19.3292	100.000	684	0	0	1	684	3458	4141	0.0	1264
STL3553_p00441	Contig_270_19.3292	100.000	501	0	0	1	501	6601	6101	0.0	926
STL3553_p00450	Contig_270_19.3292	100.000	840	0	0	1	840	7568	6729	0.0	1552
STL3553_p00460	Contig_30_25.7494	100.000	108	0	0	1	108	694	587	2.67e-51	200
STL3553_p00470	Contig_30_25.7494	99.803	1014	2	0	1	1014	726	1739	0.0	1862
STL3553_p00480	Contig_30_25.7494	100.000	585	0	0	1	585	1708	2292	0.0	1081
STL3553_p00490	Contig_30_25.7494	100.000	561	0	0	1	561	2418	2978	0.0	1037
STL3553_p00490	Contig_75_32.1507	78.341	434	82	12	13	440	56039	55612	1.23e-72	270
STL3553_p00500	Contig_30_25.7494	99.966	2967	1	0	1	2967	2981	5947	0.0	5474
STL3553_p00500	Contig_75_32.1507	89.720	2967	305	0	1	2967	50695	47729	0.0	3790
CFNIH1_25085	Contig_30_25.7494	99.901	1014	1	0	1	1014	726	1739	0.0	1868
CFNIH1_25095	Contig_270_19.3292	100.000	42	0	0	226	267	3317	3358	3.63e-15	78.7
CFNIH1_25685	Contig_75_32.1507	100.000	37	0	0	2952	2988	47696	47732	2.64e-11	69.4
CFNIH1_25685	Contig_75_32.1507	100.000	37	0	0	2952	2988	54159	54123	2.64e-11	69.4
CFNIH1_25685	Contig_30_25.7494	100.000	32	0	0	2957	2988	5975	5944	1.59e-08	60.2
CFNIH1_25690	Contig_30_25.7494	82.763	2982	490	21	1	2973	2981	5947	0.0	2638
CFNIH1_25690	Contig_75_32.1507	82.596	2982	495	20	1	2973	50695	47729	0.0	2610
CFNIH1_25695	Contig_30_25.7494	77.778	540	114	6	7	543	2424	2960	7.13e-90	327
CFNIH1_25700	Contig_30_25.7494	99.704	1014	3	0	1	1014	726	1739	0.0	1857
CFNIH1_25710	Contig_270_19.3292	100.000	348	0	0	1	348	7909	7562	0.0	643
CFNIH1_25715	Contig_270_19.3292	99.881	840	1	0	1	840	7568	6729	0.0	1546
CFNIH1_25745	Contig_30_25.7494	99.353	309	2	0	1	309	1124	816	3.46e-160	560
CFNIH1_25750	Contig_270_19.3292	100.000	837	0	0	1	837	7565	6729	0.0	1546
CFNIH1_26025	Contig_30_25.7494	100.000	58	0	0	1	58	643	586	1.15e-23	108
CFNIH1_26080	Contig_270_19.3292	100.000	856	0	0	1	856	5140	5995	0.0	1581
CFNIH1_26085	Contig_270_19.3292	100.000	1680	0	0	1	1680	3458	5137	0.0	3103
CFNIH1_26090	Contig_270_19.3292	100.000	708	0	0	1	708	2676	3383	0.0	1308
CFNIH1_26105	Contig_270_19.3292	96.882	1700	43	9	1	1695	372	2066	0.0	2837
CFNIH1_26105	Contig_252_32.6536	82.972	1709	246	33	1	1691	32980	34661	0.0	1502
CFNIH1_26115	Contig_252_32.6536	86.989	269	35	0	1	269	32633	32901	5.70e-83	303
CFNIH1_26120	Contig_252_32.6536	99.713	349	1	0	18	366	32269	32617	0.0	640
CFNIH1_26125	Contig_252_32.6536	99.561	456	2	0	1	456	32195	31740	0.0	832
KPNIH10_26570	Contig_40_27.6491	72.467	1994	471	67	346	2300	39407	37453	4.61e-162	569
KPNIH10_26625	Contig_72_19.4172	87.500	72	9	0	1264	1335	27529	27600	5.44e-16	84.2
KPNIH10_26690	Contig_30_25.7494	100.000	279	0	0	1	279	2014	2292	6.80e-147	516
KPNIH10_26720	Contig_270_19.3292	100.000	178	0	0	1	178	6601	6424	6.77e-91	329
KPNIH10_26785	Contig_243_28.6889	100.000	309	0	0	1	309	38127	37819	1.67e-163	571
KPNIH10_26785	Contig_220_44.2224	100.000	307	0	0	1	307	122	428	2.15e-162	568
KPNIH10_26790	Contig_52_33.6413	99.517	828	4	0	1	828	222	1049	0.0	1507
KPNIH10_26795	Contig_52_33.6413	99.074	864	8	0	1	864	1046	1909	0.0	1552
KPNIH10_26800	Contig_52_33.6413	99.879	828	1	0	1	828	1918	2745	0.0	1524
KPNIH10_26805	Contig_52_33.6413	99.308	1011	7	0	1	1011	2754	3764	0.0	1829
KPNIH10_26810	Contig_52_33.6413	99.766	856	2	0	1	856	3758	4613	0.0	1570
KPNIH10_26815	Contig_243_28.6889	100.000	512	0	0	1	512	38127	37616	0.0	946
KPNIH10_26815	Contig_243_28.6889	100.000	124	0	0	513	636	35765	35642	2.37e-60	230
KPNIH10_26815	Contig_220_44.2224	100.000	307	0	0	1	307	122	428	4.42e-162	568
KPNIH10_26830	Contig_124_40.4014	96.591	264	9	0	1	264	17795	18058	1.43e-123	438
KPNIH10_26835	Contig_124_40.4014	98.864	264	3	0	1	264	17780	17517	1.41e-133	472
KPNIH10_26840	Contig_124_40.4014	97.163	282	8	0	1	282	17293	17012	3.25e-135	477
KPNIH10_26845	Contig_124_40.4014	85.140	572	81	4	1	570	16977	16408	1.41e-166	582
KPNIH10_26850	Contig_124_40.4014	89.161	2777	297	4	1	2775	16310	13536	0.0	3458
KPNIH10_26850	Contig_204_33.4257	77.489	1999	367	72	694	2652	83105	85060	0.0	1122
KPNIH10_26860	Contig_124_40.4014	98.569	489	7	0	1	489	2585	2097	0.0	865
KPNIH10_26865	Contig_124_40.4014	97.832	692	15	0	272	963	1932	1241	0.0	1195
KPNIH10_26865	Contig_124_40.4014	94.340	212	9	3	1	211	2110	1901	5.82e-88	322
KPNIH10_27960	Contig_270_19.3292	100.000	1252	0	0	1	1252	3458	4709	0.0	2313
KPNIH10_27980	Contig_270_19.3292	100.000	1695	0	0	1	1695	372	2066	0.0	3131
KPNIH10_27980	Contig_252_32.6536	82.415	1706	245	43	9	1691	32988	34661	0.0	1437
KPNIH27_27270	Contig_30_25.7494	99.357	311	2	0	1	311	726	1036	6.63e-161	564
KPNIH27_28470	Contig_124_40.4014	96.454	282	10	0	1	282	17293	17012	7.03e-132	466
KPNIH27_28475	Contig_124_40.4014	84.790	572	83	4	1	570	16977	16408	3.05e-163	571
KPNIH27_28480	Contig_124_40.4014	88.555	2866	308	17	1	2850	16310	13449	0.0	3458
KPNIH27_28480	Contig_204_33.4257	77.389	1999	369	73	694	2652	83105	85060	0.0	1110
KPNIH27_28490	Contig_124_40.4014	86.335	644	85	3	1	642	11974	11332	0.0	699
KPNIH27_28490	Contig_124_40.4014	98.592	213	2	1	616	827	10369	10157	3.77e-104	375
KPNIH27_28495	Contig_124_40.4014	99.129	459	4	0	1	459	10069	9611	0.0	826
KPNIH27_28500	Contig_124_40.4014	94.105	916	52	2	1	915	9588	8674	0.0	1391
KPNIH27_28505	Contig_124_40.4014	95.383	888	41	0	1	888	8571	7684	0.0	1413
KPNIH27_28510	Contig_124_40.4014	93.313	643	42	1	1	642	7587	6945	0.0	948
KPNIH27_28515	Contig_124_40.4014	95.899	1146	47	0	1	1146	6896	5751	0.0	1857
KPNIH27_28520	Contig_124_40.4014	99.773	441	1	0	1	441	5761	5321	0.0	809
KPNIH27_28525	Contig_124_40.4014	85.027	1496	212	12	1	1490	5317	3828	0.0	1511
KPNIH27_28540	Contig_124_40.4014	90.543	1142	104	4	13	1152	1209	70	0.0	1507
KPNIH27_28635	Contig_72_19.4172	87.500	72	9	0	1264	1335	27529	27600	5.44e-16	84.2
KPNIH27_28735	Contig_75_32.1507	86.918	558	73	0	1	558	53569	54126	6.28e-180	627
KPNIH27_28750	Contig_75_32.1507	82.500	400	56	6	1	390	51141	51536	2.26e-93	339
KPNIH27_28755	Contig_75_32.1507	88.316	291	34	0	1	291	50854	51144	7.64e-97	350
KPNIH27_28760	Contig_75_32.1507	89.228	2980	295	23	1	2967	50695	47729	0.0	3701
KPNIH27_28760	Contig_30_25.7494	86.876	2987	352	37	1	2967	2981	5947	0.0	3308
KPNIH27_29490	Contig_94_33.5524	73.580	1408	332	29	235	1628	52394	51013	3.42e-142	503
KONIH1_29700	Contig_75_32.1507	100.000	291	0	0	1	291	50854	51144	1.52e-153	538
KONIH1_29705	Contig_75_32.1507	97.632	380	0	1	1	371	51141	51520	0.0	643
KONIH1_29705	Contig_75_32.1507	100.000	32	0	0	371	402	51752	51783	2.04e-09	60.2
KONIH1_29710	Contig_75_32.1507	100.000	357	0	0	1	357	51773	52129	0.0	660
KONIH1_29715	Contig_75_32.1507	100.000	327	0	0	1	327	52384	52710	1.67e-173	604
KONIH1_29715	Contig_192_29.01	88.889	135	15	0	193	327	4279	4413	9.37e-42	167
KONIH1_29720	Contig_75_32.1507	100.000	501	0	0	1	501	52707	53207	0.0	926
KONIH1_29725	Contig_75_32.1507	100.000	372	0	0	1	372	53204	53575	0.0	688
KONIH1_29730	Contig_75_32.1507	100.000	558	0	0	1	558	53569	54126	0.0	1031
KONIH1_29780	Contig_72_19.4172	87.500	72	9	0	1264	1335	27529	27600	5.44e-16	84.2
KONIH1_31660	Contig_75_32.1507	92.853	1763	126	0	17	1779	49491	47729	0.0	2558
KONIH1_31660	Contig_30_25.7494	90.186	1773	172	2	9	1779	4175	5947	0.0	2309
KPNIH24_26845	Contig_75_32.1507	93.830	1329	82	0	1	1329	55487	54159	0.0	2001
KPNIH24_26845	Contig_75_32.1507	80.432	2315	413	35	619	2913	50077	47783	0.0	1729
KPNIH24_26845	Contig_30_25.7494	78.748	2428	460	46	514	2913	3494	5893	0.0	1574
KPNIH24_26850	Contig_75_32.1507	90.374	561	54	0	1	561	56051	55491	0.0	737
KPNIH24_26850	Contig_30_25.7494	77.037	540	118	6	7	543	2424	2960	3.36e-83	305
ECNIH2_24390	Contig_40_27.6491	72.531	1995	468	69	346	2300	39407	37453	9.91e-164	575
ECNIH2_25695	Contig_252_32.6536	94.400	125	7	0	1	125	34683	34807	1.74e-49	193
ECNIH2_25700	Contig_252_32.6536	90.682	1685	155	2	1	1684	32980	34663	0.0	2241
ECNIH2_25700	Contig_270_19.3292	82.003	1717	256	38	1	1686	372	2066	0.0	1410
ECR091_22795	Contig_40_27.6491	72.531	1995	468	69	346	2300	39407	37453	9.91e-164	575
ECR091_22845	Contig_124_40.4014	90.261	1150	108	4	5	1152	1217	70	0.0	1500
ECR091_22860	Contig_124_40.4014	85.227	1496	209	12	1	1490	5317	3828	0.0	1528
ECR091_22865	Contig_124_40.4014	99.320	441	3	0	1	441	5761	5321	0.0	798
ECR091_22870	Contig_124_40.4014	96.161	1146	44	0	1	1146	6896	5751	0.0	1873
ECR091_22875	Contig_124_40.4014	93.791	612	38	0	1	612	7587	6976	0.0	920
ECR091_22880	Contig_124_40.4014	95.608	888	39	0	1	888	8571	7684	0.0	1424
ECR091_22885	Contig_124_40.4014	94.323	916	50	2	1	915	9588	8674	0.0	1402
ECR091_22890	Contig_124_40.4014	99.564	459	2	0	1	459	10069	9611	0.0	837
ECR091_22895	Contig_124_40.4014	99.479	192	1	0	1	192	10348	10157	4.86e-97	350
ECR091_22900	Contig_124_40.4014	85.921	483	66	2	1	482	11974	11493	4.47e-146	514
ECR091_22910	Contig_124_40.4014	88.787	2827	309	8	1	2823	16310	13488	0.0	3458
ECR091_22910	Contig_204_33.4257	77.339	1999	370	73	694	2652	83105	85060	0.0	1105
ECR091_22915	Contig_124_40.4014	84.939	571	84	2	1	570	16977	16408	6.56e-165	577
ECR091_22920	Contig_124_40.4014	97.163	282	8	0	1	282	17293	17012	3.25e-135	477
ECR091_22925	Contig_124_40.4014	98.864	264	3	0	1	264	17780	17517	1.41e-133	472
ECNIH3_21985	Contig_75_32.1507	99.720	357	1	0	1	357	51773	52129	0.0	654
ECNIH3_23275	Contig_252_32.6536	90.742	1685	154	2	1	1684	32980	34663	0.0	2246
ECNIH3_23275	Contig_270_19.3292	82.003	1717	256	38	1	1686	372	2066	0.0	1410
ECNIH3_23405	Contig_75_32.1507	92.754	2967	215	0	1	2967	50695	47729	0.0	4289
ECNIH3_23405	Contig_30_25.7494	90.226	2967	290	0	1	2967	2981	5947	0.0	3873
PMK1_a00028	Contig_23_44.8549	76.778	1111	256	2	1	1110	8089	6980	5.93e-178	621
PMK1_a00062	Contig_124_40.4014	96.471	255	9	0	1	255	18034	17780	1.39e-118	422
PMK1_a00066	Contig_124_40.4014	89.161	2777	297	4	1	2775	16310	13536	0.0	3458
PMK1_a00066	Contig_204_33.4257	77.489	1999	367	72	694	2652	83105	85060	0.0	1122
PMK1_a00068	Contig_124_40.4014	98.133	750	12	2	1	750	2844	2097	0.0	1306
PMK1_c00075	Contig_75_32.1507	100.000	305	0	0	1	305	52384	52688	2.73e-161	564
PMK1_c00079	Contig_75_32.1507	100.000	2967	0	0	1	2967	50695	47729	0.0	5480
PMK1_c00079	Contig_30_25.7494	89.687	2967	306	0	1	2967	2981	5947	0.0	3784
PMK1_ndm00060	Contig_75_32.1507	79.151	518	95	12	14	526	49245	48736	1.96e-95	346
PMK1_ndm00073	Contig_171_29.2086	79.528	1270	234	23	1	1257	92733	93989	0.0	881
PMK1_ndm00236	Contig_252_32.6536	86.683	398	53	0	1	398	32195	31798	1.88e-124	442
PMK1_ndm00243	Contig_30_25.7494	99.468	1879	10	0	1047	2925	4069	5947	0.0	3415
PMK1_ndm00243	Contig_30_25.7494	100.000	1058	0	0	1	1058	2981	4038	0.0	1954
PMK1_ndm00243	Contig_75_32.1507	89.696	1873	193	0	1053	2925	49601	47729	0.0	2390
PMK1_ndm00243	Contig_75_32.1507	89.225	1058	114	0	1	1058	50695	49638	0.0	1323
PMK1_ndm00251	Contig_252_32.6536	99.713	349	1	0	33	381	32269	32617	0.0	640
MJ49_26015	Contig_75_32.1507	98.485	66	1	0	241	306	47695	47760	8.91e-27	117
MJ49_26015	Contig_75_32.1507	100.000	40	0	0	241	280	54160	54121	5.44e-14	75.0
MJ49_26015	Contig_30_25.7494	100.000	60	0	0	247	306	5975	5916	4.14e-25	111
MJ49_26020	Contig_30_25.7494	99.888	2671	3	0	9	2679	3277	5947	0.0	4916
MJ49_26020	Contig_75_32.1507	89.854	2671	271	0	9	2679	50399	47729	0.0	3432
MJ49_26090	Contig_270_19.3292	100.000	1288	0	0	1	1288	3422	4709	0.0	2379
MJ49_26125	Contig_252_32.6536	87.749	351	43	0	1	351	32267	32617	4.23e-115	411
MJ49_26175	Contig_75_32.1507	82.184	1667	269	24	46	1698	49435	47783	0.0	1408
MJ49_26175	Contig_75_32.1507	92.982	114	8	0	1	114	54272	54159	5.31e-41	167
MJ49_26175	Contig_30_25.7494	81.451	1682	272	32	37	1698	4232	5893	0.0	1341
MJ49_26180	Contig_252_32.6536	97.297	37	1	0	305	341	34809	34845	1.40e-10	63.9
AB186_01305	Contig_30_25.7494	82.730	2982	491	21	1	2973	2981	5947	0.0	2632
AB186_01305	Contig_75_32.1507	82.562	2982	496	20	1	2973	50695	47729	0.0	2604
AB186_01315	Contig_30_25.7494	100.000	180	0	0	1	180	1877	1698	4.55e-92	333
AB186_01530	Contig_30_25.7494	83.993	556	87	2	7	561	2424	2978	1.42e-151	532
AB186_01535	Contig_75_32.1507	92.720	2967	216	0	1	2967	50695	47729	0.0	4283
AB186_01535	Contig_30_25.7494	90.192	2967	291	0	1	2967	2981	5947	0.0	3868
AB186_02525	Contig_124_40.4014	90.806	1142	101	4	13	1152	1209	70	0.0	1524
AB186_02540	Contig_124_40.4014	85.160	1496	210	12	1	1490	5317	3828	0.0	1522
AB186_02545	Contig_124_40.4014	99.546	441	2	0	1	441	5761	5321	0.0	804
AB186_02550	Contig_124_40.4014	96.073	1146	45	0	1	1146	6896	5751	0.0	1868
AB186_02555	Contig_124_40.4014	93.468	643	41	1	1	642	7587	6945	0.0	953
AB186_02560	Contig_124_40.4014	95.721	888	38	0	1	888	8571	7684	0.0	1430
AB186_02565	Contig_124_40.4014	94.098	915	54	0	1	915	9588	8674	0.0	1391
AB186_02570	Contig_124_40.4014	99.129	459	4	0	1	459	10069	9611	0.0	826
AB186_02575	Contig_124_40.4014	86.185	637	85	3	1	636	11974	11340	0.0	686
AB186_02585	Contig_124_40.4014	88.818	2826	310	6	1	2823	16310	13488	0.0	3463
AB186_02585	Contig_204_33.4257	77.389	1999	369	72	694	2652	83105	85060	0.0	1110
AB186_02590	Contig_124_40.4014	84.965	572	82	4	1	570	16977	16408	6.56e-165	577
AB186_02595	Contig_124_40.4014	97.518	282	7	0	1	282	17293	17012	6.98e-137	483
AB186_02600	Contig_124_40.4014	96.124	258	10	0	7	264	17379	17636	1.44e-118	422
AB187_00160	Contig_30_25.7494	99.642	279	1	0	1	279	2014	2292	3.16e-145	510
AB187_00745	Contig_75_32.1507	99.966	2967	1	0	1	2967	50695	47729	0.0	5474
AB187_00745	Contig_30_25.7494	89.720	2967	305	0	1	2967	2981	5947	0.0	3790
AB187_00930	Contig_109_34.5295	73.333	675	166	10	1	668	66783	66116	2.05e-62	237
AGE78_00765	Contig_270_19.3292	100.000	178	0	0	1	178	6601	6424	6.88e-91	329
AGE78_00770	Contig_270_19.3292	100.000	180	0	0	1	180	6620	6799	4.55e-92	333
AGE78_00805	Contig_30_25.7494	100.000	211	0	0	1	211	796	586	3.31e-109	390
AGE78_01610	Contig_75_32.1507	100.000	61	0	0	1	61	54099	54159	1.21e-24	113
AGE78_01610	Contig_75_32.1507	100.000	39	0	0	23	61	47734	47696	2.05e-12	73.1
AGE78_01610	Contig_30_25.7494	100.000	34	0	0	23	56	5942	5975	1.23e-09	63.9
AGE78_01650	Contig_75_32.1507	100.000	519	0	0	1	519	50695	50177	0.0	959
AGE78_01650	Contig_75_32.1507	100.000	32	0	0	512	543	48030	47999	2.79e-09	60.2
AGE78_01650	Contig_30_25.7494	89.320	515	55	0	1	515	2981	3495	0.0	647
AGE86_01535	Contig_124_40.4014	95.238	105	5	0	13	117	3192	3088	2.98e-42	167
AGE86_01560	Contig_124_40.4014	97.283	736	20	0	3	738	17375	18110	0.0	1249
AGE86_01585	Contig_243_28.6889	99.694	327	1	0	1	327	35353	35679	7.79e-172	599
AGE86_01590	Contig_243_28.6889	100.000	512	0	0	1	512	38127	37616	0.0	946
AGE86_01590	Contig_220_44.2224	100.000	307	0	0	1	307	122	428	3.67e-162	568
AGE86_01620	Contig_243_28.6889	100.000	309	0	0	1	309	38127	37819	1.60e-163	571
AGE86_01620	Contig_220_44.2224	100.000	307	0	0	1	307	122	428	2.07e-162	568
AGE86_01870	Contig_270_19.3292	100.000	152	0	0	14	165	3468	3317	2.02e-76	281
AGE86_01890	Contig_270_19.3292	100.000	98	0	0	1	98	3413	3316	1.03e-46	182
ABY63_00485	Contig_252_32.6536	99.140	349	3	0	18	366	32269	32617	1.12e-180	628
CTI69_27265	Contig_270_19.3292	100.000	178	0	0	1	178	6601	6424	9.29e-91	329
CTI69_27350	Contig_270_19.3292	100.000	174	0	0	1	174	3490	3317	9.48e-89	322
CTI69_27425	Contig_175_30.6389	94.444	36	2	0	775	810	275090	275125	1.05e-07	56.5
CTI69_27490	Contig_252_32.6536	91.738	351	29	0	1	351	32267	32617	1.90e-138	488
CTI69_27495	Contig_252_32.6536	97.101	276	8	0	1	276	32633	32908	6.87e-132	466
CTI69_27500	Contig_252_32.6536	95.252	1685	78	2	1	1684	32980	34663	0.0	2667
CTI69_27500	Contig_270_19.3292	81.664	1707	264	40	9	1686	380	2066	0.0	1373
CTI69_27510	Contig_252_32.6536	96.000	125	5	0	1	125	34683	34807	8.05e-53	204
CTI69_27520	Contig_270_19.3292	79.568	602	121	2	41	641	2716	3316	3.43e-120	429
CTI69_27520	Contig_30_25.7494	83.758	314	44	5	637	948	1942	2250	1.69e-78	291
CTI69_27530	Contig_75_32.1507	86.907	2971	355	24	1	2954	50695	47742	0.0	3301
CTI69_27530	Contig_30_25.7494	88.876	2598	277	8	357	2948	3337	5928	0.0	3186
CTI69_28000	Contig_124_40.4014	100.000	74	0	0	1	74	1152	1079	2.97e-32	137
CTI69_28015	Contig_124_40.4014	98.980	98	0	1	117	213	2917	2820	3.52e-44	174
CTI69_28015	Contig_124_40.4014	95.327	107	5	0	13	119	3192	3086	4.56e-43	171
CTI69_28040	Contig_124_40.4014	98.182	440	8	0	1	440	17469	17908	0.0	769
CTI69_28045	Contig_124_40.4014	98.113	106	2	0	3	108	18005	18110	8.22e-48	185
CTI69_28070	Contig_243_28.6889	100.000	512	0	0	1	512	38127	37616	0.0	946
CTI69_28070	Contig_220_44.2224	100.000	307	0	0	1	307	122	428	3.59e-162	568
CTI69_28715	Contig_75_32.1507	79.070	516	95	12	1	511	49243	48736	2.33e-94	342
CTI69_28775	Contig_30_25.7494	99.871	776	1	0	1	776	726	1501	0.0	1428
CTI69_28910	Contig_270_19.3292	100.000	123	0	0	34	156	3439	3317	1.88e-60	228
CTI69_29090	Contig_75_32.1507	92.145	1464	115	0	1	1464	49192	47729	0.0	2067
CTI69_29090	Contig_30_25.7494	90.437	1464	140	0	1	1464	4484	5947	0.0	1929
CTI52_26990	Contig_124_40.4014	89.161	2777	297	4	1	2775	16310	13536	0.0	3458
CTI52_26990	Contig_204_33.4257	77.489	1999	367	72	694	2652	83105	85060	0.0	1122
CTI52_27100	Contig_72_19.4172	87.500	72	9	0	1264	1335	27529	27600	5.44e-16	84.2
CTI52_27155	Contig_40_27.6491	72.431	1995	470	69	346	2300	39407	37453	2.14e-160	564
CTI52_27435	Contig_75_32.1507	82.473	1472	236	20	1	1461	49243	47783	0.0	1269
CTI52_27435	Contig_30_25.7494	81.702	1481	231	32	1	1461	4433	5893	0.0	1197
CTI52_27465	Contig_75_32.1507	79.325	711	128	16	46	748	49435	48736	7.02e-136	481
CTI52_27465	Contig_75_32.1507	92.982	114	8	0	1	114	54272	54159	2.23e-41	167
CTI52_27505	Contig_30_25.7494	100.000	265	0	0	1	265	1678	1942	4.70e-139	490
AN676_0327915	Contig_171_29.2086	78.127	1655	315	39	1	1633	92733	94362	0.0	1007
AN676_0327990	Contig_270_19.3292	99.762	840	2	0	1	840	7568	6729	0.0	1541
AN676_0327995	Contig_270_19.3292	99.444	180	1	0	1	180	6620	6799	2.12e-90	327
AN676_0328000	Contig_270_19.3292	100.000	201	0	0	1	201	6601	6401	1.35e-103	372
AN676_0328475	Contig_252_32.6536	99.510	204	1	0	1	204	31943	31740	1.11e-103	372
AN676_0328745	Contig_30_25.7494	100.000	615	0	0	1	615	1678	2292	0.0	1136
AN676_0328785	Contig_243_28.6889	99.805	512	1	0	1	512	38127	37616	0.0	941
AN676_0328785	Contig_220_44.2224	100.000	307	0	0	1	307	122	428	3.59e-162	568
AN676_0328845	Contig_124_40.4014	97.200	250	5	2	1	250	2844	2597	1.36e-118	422
AN676_0328945	Contig_252_32.6536	99.640	278	1	0	5	282	32017	31740	1.15e-144	508
AN676_0329220	Contig_270_19.3292	99.859	708	1	0	1	708	2676	3383	0.0	1303
AN663_28520	Contig_270_19.3292	100.000	49	0	0	1	49	7790	7838	6.54e-19	91.6
AN663_28525	Contig_270_19.3292	100.000	277	0	0	60	336	7838	7562	1.08e-145	512
APL92_23600	Contig_270_19.3292	100.000	135	0	0	64	198	7696	7562	5.25e-67	250
APL92_23710	Contig_252_32.6536	97.222	36	1	0	145	180	34809	34844	2.37e-10	62.1
CTI57_26510	Contig_94_33.5524	80.984	1646	307	6	25	1667	52604	50962	0.0	1301
CTI57_26885	Contig_124_40.4014	85.160	1496	210	12	1	1490	5317	3828	0.0	1522
CTI57_26890	Contig_124_40.4014	99.546	441	2	0	1	441	5761	5321	0.0	804
CTI57_26895	Contig_124_40.4014	95.899	1146	47	0	1	1146	6896	5751	0.0	1857
CTI57_26900	Contig_124_40.4014	93.954	612	37	0	1	612	7587	6976	0.0	926
CTI57_26905	Contig_124_40.4014	95.270	888	42	0	1	888	8571	7684	0.0	1408
CTI57_26910	Contig_124_40.4014	94.105	916	52	2	1	915	9588	8674	0.0	1391
CTI57_26915	Contig_124_40.4014	98.475	459	7	0	1	459	10069	9611	0.0	809
CTI57_26920	Contig_124_40.4014	100.000	141	0	0	1	141	10297	10157	1.64e-70	261
CTI57_26925	Contig_124_40.4014	86.708	647	81	2	1	646	11974	11332	0.0	713
CTI57_26925	Contig_124_40.4014	97.541	122	2	1	620	740	10369	10248	1.30e-53	207
CTI57_26930	Contig_124_40.4014	97.414	1431	37	0	1	1431	13432	12002	0.0	2438
CTI57_26935	Contig_124_40.4014	97.519	2862	71	0	1	2862	16310	13449	0.0	4892
CTI57_26935	Contig_204_33.4257	78.151	1936	364	52	732	2639	83143	85047	0.0	1177
CTI57_26935	Contig_58_32.4507	75.036	693	149	20	835	1518	32830	32153	8.23e-81	300
CTI57_26935	Contig_14_21.9551	75.132	189	43	4	812	998	10408	10222	2.51e-16	86.1
CTI57_26940	Contig_124_40.4014	98.429	573	6	1	1	573	16977	16408	0.0	1005
CTI57_26945	Contig_124_40.4014	81.699	153	24	4	10	160	17167	17017	2.70e-29	124
CTI57_26950	Contig_124_40.4014	98.106	264	5	0	1	264	17780	17517	3.04e-130	460
CTI57_26960	Contig_124_40.4014	97.043	1623	48	0	1	1623	20272	18650	0.0	2732
CTI57_26965	Contig_124_40.4014	98.603	1503	21	0	1	1503	21767	20265	0.0	2660
CTI57_26970	Contig_124_40.4014	99.188	1600	13	0	1	1600	23379	21780	0.0	2883
CTI57_26975	Contig_124_40.4014	97.962	2061	42	0	1	2061	25432	23372	0.0	3574
CTI57_26980	Contig_124_40.4014	98.068	828	16	0	1	828	26273	25446	0.0	1441
CTI61_27310	Contig_30_25.7494	82.730	2982	491	21	1	2973	2981	5947	0.0	2632
CTI61_27310	Contig_75_32.1507	82.562	2982	496	20	1	2973	50695	47729	0.0	2604
CTI61_27320	Contig_30_25.7494	100.000	264	0	0	1	264	1678	1941	1.78e-138	488
CTI61_27325	Contig_30_25.7494	99.803	1014	2	0	1	1014	726	1739	0.0	1862
CTI61_27365	Contig_270_19.3292	100.000	178	0	0	1	178	6601	6424	9.29e-91	329
CTI61_27385	Contig_270_19.3292	99.219	128	0	1	34	161	3439	3313	6.26e-61	230
CTI61_27470	Contig_270_19.3292	100.000	228	0	0	1	228	7789	7562	1.23e-118	422
B5G58_28090	Contig_29_21.7109	80.078	1285	254	2	1	1284	5996	4713	0.0	953
B5G58_28130	Contig_30_25.7494	100.000	806	0	0	1	806	2981	3786	0.0	1489
B5G58_28130	Contig_75_32.1507	89.082	806	88	0	1	806	50695	49890	0.0	1002
B5G58_28165	Contig_252_32.6536	86.989	269	35	0	1	269	32633	32901	1.58e-82	303
B5G58_29055	Contig_52_33.6413	99.396	828	5	0	1	828	222	1049	0.0	1502
B5G58_29080	Contig_243_28.6889	100.000	512	0	0	1	512	38127	37616	0.0	946
B5G58_29080	Contig_220_44.2224	100.000	307	0	0	1	307	122	428	3.65e-162	568
B5G58_29145	Contig_124_40.4014	100.000	89	0	0	1	89	1167	1079	1.38e-40	165
B5G58_30555	Contig_270_19.3292	100.000	56	0	0	1	56	7959	7904	8.55e-23	104
B5G58_30555	Contig_30_25.7494	97.826	46	1	0	1	46	531	486	1.44e-15	80.5
B5G58_30600	Contig_75_32.1507	99.798	2973	0	1	1	2973	50695	47729	0.0	5452
B5G58_30600	Contig_30_25.7494	89.506	2973	306	4	1	2973	2981	5947	0.0	3757
AB181_00220	Contig_270_19.3292	99.800	501	1	0	1	501	6601	6101	0.0	920
AB181_00235	Contig_252_32.6536	90.346	984	95	0	1	984	32980	33963	0.0	1291
AB181_00235	Contig_270_19.3292	80.120	996	165	27	1	981	372	1349	0.0	712
AB181_01095	Contig_30_25.7494	82.797	2982	489	21	1	2973	2981	5947	0.0	2643
AB181_01095	Contig_75_32.1507	82.629	2982	494	20	1	2973	50695	47729	0.0	2615
AB181_01475	Contig_75_32.1507	99.933	2967	2	0	1	2967	50695	47729	0.0	5469
AB181_01475	Contig_30_25.7494	89.687	2967	306	0	1	2967	2981	5947	0.0	3784
AB185_01250	Contig_270_19.3292	99.899	993	1	0	1	993	5140	6132	0.0	1829
AB185_01275	Contig_252_32.6536	88.332	1697	180	8	1	1694	32980	34661	0.0	2021
AB185_01275	Contig_270_19.3292	88.149	1713	170	27	1	1698	372	2066	0.0	2008
AB185_01965	Contig_75_32.1507	80.139	1007	186	10	1	1000	50695	49696	0.0	739
AB185_01970	Contig_30_25.7494	75.775	516	119	6	31	543	2448	2960	3.41e-68	255
AB185_02155	Contig_75_32.1507	99.933	2967	2	0	1	2967	50695	47729	0.0	5469
AB185_02155	Contig_30_25.7494	89.687	2967	306	0	1	2967	2981	5947	0.0	3784
AB185_02705	Contig_30_25.7494	100.000	1014	0	0	1	1014	726	1739	0.0	1873
AB185_03585	Contig_231_22.8893	86.096	187	26	0	13	199	3219	3405	1.87e-52	202
AB185_03590	Contig_170_25.0046	87.207	1282	162	2	1	1281	11710	10430	0.0	1458
AB185_03590	Contig_231_22.8893	82.837	1276	194	15	1	1268	1936	3194	0.0	1120
AB185_03590	Contig_167_27.8998	77.599	1308	233	39	1	1281	26421	25147	0.0	737
AB185_03595	Contig_231_22.8893	85.051	990	136	9	8	993	952	1933	0.0	998
AB185_03595	Contig_170_25.0046	84.930	1002	133	16	1	993	12705	11713	0.0	998
AB185_03595	Contig_167_27.8998	80.619	1001	172	17	1	993	27410	26424	0.0	754
AB185_03600	Contig_170_25.0046	88.227	705	83	0	1	705	13406	12702	0.0	843
AB185_03600	Contig_231_22.8893	84.844	706	105	2	1	705	243	947	0.0	710
AB185_03600	Contig_167_27.8998	85.401	685	98	2	22	705	28090	27407	0.0	710
AB185_03605	Contig_170_25.0046	86.136	1356	180	7	1	1352	14792	13441	0.0	1456
AB185_03605	Contig_107_15.5397	84.372	947	147	1	133	1079	975	30	0.0	928
AB185_03605	Contig_167_27.8998	79.614	1089	217	4	1	1088	29497	28413	0.0	776
AB185_03610	Contig_5_21.2355	83.396	265	40	4	1	263	409	147	1.51e-64	243
AB185_03615	Contig_170_25.0046	88.363	739	78	8	4	738	15862	15128	0.0	881
AB185_03615	Contig_5_21.2355	83.594	640	91	14	106	738	1053	421	3.95e-168	588
AB185_03620	Contig_5_21.2355	84.650	2456	348	28	1	2440	3596	1154	0.0	2420
AB185_03620	Contig_170_25.0046	84.099	2459	375	16	1	2451	18318	15868	0.0	2361
AB185_03620	Contig_167_27.8998	82.121	2405	414	15	1	2397	33004	30608	0.0	2045
AB185_03625	Contig_170_25.0046	89.754	244	25	0	28	271	18576	18333	9.36e-86	313
AB185_03630	Contig_5_21.2355	83.166	398	48	15	1	384	4270	3878	1.33e-95	346
AB185_03630	Contig_170_25.0046	80.940	383	62	8	12	384	18978	18597	1.76e-79	292
AB185_03635	Contig_170_25.0046	87.127	1072	133	4	1	1068	20050	18980	0.0	1210
AB185_03635	Contig_5_21.2355	82.884	1075	173	7	1	1068	5337	4267	0.0	955
AB185_03640	Contig_5_21.2355	87.097	465	60	0	1	465	5798	5334	5.42e-150	527
AB185_03640	Contig_170_25.0046	88.084	428	51	0	1	428	20523	20096	1.96e-144	508
AB185_03640	Contig_167_27.8998	83.298	467	71	4	1	465	35137	34676	7.31e-119	424
AB185_03645	Contig_5_21.2355	84.798	2026	273	25	1	2016	7795	5795	0.0	2002
AB185_03645	Contig_170_25.0046	81.157	2022	351	21	1	2016	22517	20520	0.0	1596
AB185_03645	Contig_167_27.8998	79.536	2028	376	32	1	2016	37134	35134	0.0	1410
AB185_03675	Contig_170_25.0046	75.673	3083	695	51	1	3060	30054	33104	0.0	1487
AB185_03695	Contig_5_21.2355	86.767	1927	246	8	1	1921	20465	18542	0.0	2137
AB185_03695	Contig_170_25.0046	85.714	1974	262	10	1	1958	39977	38008	0.0	2065
AB185_03695	Contig_42_35.6179	80.306	1894	341	16	1	1878	7002	5125	0.0	1402
AB185_03700	Contig_170_25.0046	85.082	429	56	8	21	444	40399	39974	4.16e-121	431
AB185_03700	Contig_5_21.2355	88.272	324	38	0	121	444	20785	20462	2.54e-108	388
AB185_03705	Contig_170_25.0046	88.750	560	61	2	42	600	40984	40426	0.0	684
AB185_03705	Contig_42_35.6179	83.039	566	86	10	40	600	7962	7402	3.31e-143	505
AB185_03705	Contig_5_21.2355	79.965	564	85	18	39	600	21451	20914	9.66e-109	390
AB185_03710	Contig_170_25.0046	87.280	511	61	4	38	546	41518	41010	4.85e-166	580
AB185_03710	Contig_5_21.2355	84.398	532	77	6	18	546	22014	21486	3.86e-147	518
AB185_03710	Contig_42_35.6179	81.489	497	88	4	38	532	8494	8000	3.13e-113	405
AB185_03715	Contig_5_21.2355	91.923	260	15	5	1	257	22324	22068	1.20e-99	359
AB185_03715	Contig_170_25.0046	88.703	239	27	0	38	276	41802	41564	1.23e-79	292
AB185_03720	Contig_5_21.2355	91.719	640	51	2	1	639	22959	22321	0.0	887
AB185_03720	Contig_170_25.0046	89.875	642	59	5	1	639	42462	41824	0.0	821
AB185_03720	Contig_42_35.6179	87.500	640	78	2	1	639	9402	8764	0.0	737
AB185_03720	Contig_124_40.4014	100.000	31	0	0	18	48	39927	39897	1.19e-08	58.4
AB185_03725	Contig_170_25.0046	91.145	847	70	3	1	843	43549	42704	0.0	1144
AB185_03725	Contig_5_21.2355	86.203	819	101	9	31	843	24025	23213	0.0	876
AB185_03725	Contig_42_35.6179	85.521	815	118	0	29	843	10458	9644	0.0	852
AB185_03730	Contig_170_25.0046	92.657	286	19	2	1	285	43860	43576	3.38e-115	411
AB185_03730	Contig_5_21.2355	86.415	265	30	6	1	262	24378	24117	2.14e-77	285
AB185_03730	Contig_42_35.6179	86.036	222	27	3	47	266	10739	10520	2.18e-62	235
AB185_03735	Contig_5_21.2355	91.051	771	66	1	1	768	25260	24490	0.0	1038
AB185_03740	Contig_5_21.2355	92.308	351	27	0	1	351	25954	25604	8.77e-142	499
AB185_03745	Contig_170_25.0046	82.500	240	36	6	1	237	45777	46013	1.41e-53	206
AB185_03750	Contig_5_21.2355	93.194	191	13	0	1	191	26790	26600	1.99e-76	281
AB185_03750	Contig_170_25.0046	88.235	136	12	3	68	201	46164	46031	9.71e-40	159
AB185_03755	Contig_5_21.2355	96.508	315	11	0	1	315	27201	26887	1.67e-148	521
AB185_03755	Contig_170_25.0046	90.159	315	31	0	1	315	46640	46326	3.76e-115	411
AB185_03760	Contig_170_25.0046	88.644	1999	210	15	1	1992	49756	47768	0.0	2418
AB185_03760	Contig_29_21.7109	79.000	2000	368	42	1	1977	2052	82	0.0	1319
AB185_03765	Contig_170_25.0046	86.178	832	110	3	1	831	50664	49837	0.0	894
AB185_03765	Contig_42_35.6179	78.792	778	155	8	59	831	20728	19956	7.69e-146	514
AB185_03810	Contig_170_25.0046	84.714	1014	153	2	34	1046	55472	54460	0.0	1013
AB185_03815	Contig_170_25.0046	80.452	1151	213	11	1	1145	56701	55557	0.0	869
AB185_03815	Contig_29_21.7109	73.942	1205	252	53	1	1174	10266	9093	4.17e-120	429
AB185_04155	Contig_170_25.0046	99.593	246	1	0	1	246	10433	10188	6.13e-127	449
AB185_04160	Contig_170_25.0046	95.483	1284	55	1	1	1284	11710	10430	0.0	2047
AB185_04160	Contig_231_22.8893	81.875	1280	202	14	1	1271	1936	3194	0.0	1051
AB185_04165	Contig_170_25.0046	97.180	993	28	0	1	993	12705	11713	0.0	1679
AB185_04165	Contig_231_22.8893	85.224	961	125	12	40	993	983	1933	0.0	972
AB185_04170	Contig_170_25.0046	98.440	705	11	0	1	705	13406	12702	0.0	1242
AB185_04170	Contig_231_22.8893	85.734	708	95	5	1	705	243	947	0.0	743
AB185_04175	Contig_170_25.0046	98.757	1368	17	0	1	1368	14792	13425	0.0	2433
AB185_04175	Contig_107_15.5397	82.744	962	154	10	137	1092	972	17	0.0	846
AB185_04175	Contig_167_27.8998	79.666	1077	210	7	1	1074	29497	28427	0.0	767
AB185_04180	Contig_170_25.0046	98.777	327	4	0	1	327	15115	14789	7.85e-167	582
AB185_04180	Contig_5_21.2355	87.170	265	30	4	1	263	409	147	3.18e-81	298
AB185_04185	Contig_170_25.0046	98.387	744	12	0	1	744	15871	15128	0.0	1308
AB185_04185	Contig_5_21.2355	83.587	658	100	8	91	744	1074	421	8.51e-175	610
AB185_04190	Contig_170_25.0046	98.898	2451	27	0	1	2451	18318	15868	0.0	4377
AB185_04190	Contig_5_21.2355	84.830	2406	345	20	1	2396	3596	1201	0.0	2403
AB185_04190	Contig_167_27.8998	82.183	2419	427	4	1	2417	33004	30588	0.0	2076
AB185_04195	Contig_170_25.0046	96.296	270	10	0	1	270	18600	18331	3.14e-125	444
AB185_04195	Contig_5_21.2355	91.532	248	21	0	23	270	3856	3609	1.18e-94	342
AB185_04195	Contig_167_27.8998	85.926	270	38	0	1	270	33289	33020	1.56e-78	289
AB185_04200	Contig_5_21.2355	86.898	374	43	6	17	387	4248	3878	3.63e-116	414
AB185_04200	Contig_170_25.0046	85.788	387	55	0	1	387	18983	18597	4.69e-115	411
AB185_04205	Contig_170_25.0046	93.895	1081	65	1	1	1080	20050	18970	0.0	1629
AB185_04205	Contig_5_21.2355	83.349	1081	167	12	1	1074	5337	4263	0.0	987
AB185_04205	Contig_167_27.8998	85.044	916	135	2	57	971	34656	33742	0.0	931
AB185_04210	Contig_170_25.0046	94.340	477	27	0	1	477	20523	20047	0.0	732
AB185_04210	Contig_167_27.8998	86.308	409	52	4	1	407	35137	34731	2.07e-124	442
AB185_04215	Contig_170_25.0046	91.252	1989	164	10	15	1998	22503	20520	0.0	2700
AB185_04215	Contig_5_21.2355	83.075	1997	315	19	15	1998	7781	5795	0.0	1794
AB185_04215	Contig_167_27.8998	82.055	1995	339	16	15	1998	37120	35134	0.0	1683
AB185_04220	Contig_170_25.0046	94.260	906	52	0	1	906	22823	23728	0.0	1386
AB185_04225	Contig_170_25.0046	97.547	530	13	0	1	530	24010	24539	0.0	907
AB185_04230	Contig_170_25.0046	91.525	59	5	0	1	59	24588	24646	6.02e-16	82.4
AB185_04235	Contig_170_25.0046	99.057	318	3	0	1	318	25367	25050	1.65e-163	571
AB185_04240	Contig_170_25.0046	95.833	264	11	0	1	264	25689	25426	3.09e-120	427
AB185_04245	Contig_170_25.0046	96.689	906	30	0	1	906	26627	25722	0.0	1507
AB185_04250	Contig_170_25.0046	94.801	1404	73	0	1	1404	28124	26721	0.0	2189
AB185_04255	Contig_170_25.0046	95.513	312	14	0	1	312	28225	28536	1.24e-141	499
AB185_04255	Contig_170_25.0046	95.506	178	8	0	312	489	33409	33586	3.79e-77	285
AB185_04260	Contig_170_25.0046	98.229	621	11	0	1	621	33602	34222	0.0	1086
AB185_04265	Contig_170_25.0046	98.014	1158	23	0	1	1158	34219	35376	0.0	2012
AB185_04270	Contig_170_25.0046	98.733	789	10	0	1	789	35406	36194	0.0	1402
AB185_04275	Contig_170_25.0046	97.957	930	19	0	1	930	36286	37215	0.0	1613
AB185_04280	Contig_170_25.0046	96.212	660	19	1	1	660	37254	37907	0.0	1075
AB185_04285	Contig_170_25.0046	93.527	1993	129	0	1	1993	39977	37985	0.0	2966
AB185_04285	Contig_5_21.2355	84.929	1984	288	7	1	1983	20465	18492	0.0	1997
AB185_04285	Contig_42_35.6179	82.068	1896	316	21	77	1960	6938	5055	0.0	1596
AB185_04290	Contig_170_25.0046	96.939	588	18	0	1	588	41013	40426	0.0	987
AB185_04290	Contig_42_35.6179	81.040	596	97	14	1	588	7989	7402	7.11e-130	460
AB185_04295	Contig_170_25.0046	98.208	558	10	0	1	558	41567	41010	0.0	976
AB185_04295	Contig_42_35.6179	81.518	514	85	7	50	558	8494	7986	5.32e-116	414
AB185_04300	Contig_170_25.0046	96.970	264	8	0	1	264	41827	41564	3.07e-125	444
AB185_04305	Contig_170_25.0046	99.687	639	2	0	1	639	42462	41824	0.0	1170
AB185_04305	Contig_5_21.2355	87.179	624	80	0	16	639	22944	22321	0.0	710
AB185_04305	Contig_42_35.6179	85.647	641	88	4	1	639	9402	8764	0.0	671
AB185_04310	Contig_170_25.0046	99.764	846	2	0	1	846	43549	42704	0.0	1552
AB185_04310	Contig_5_21.2355	85.592	819	106	10	34	846	24025	23213	0.0	848
AB185_04310	Contig_42_35.6179	84.672	822	122	3	27	846	10463	9644	0.0	817
AB185_04315	Contig_170_25.0046	100.000	285	0	0	1	285	43860	43576	3.22e-150	527
AB185_04315	Contig_5_21.2355	84.783	276	38	4	1	274	24378	24105	4.63e-74	274
AB185_04320	Contig_170_25.0046	98.054	771	15	0	1	771	44742	43972	0.0	1341
AB185_04325	Contig_170_25.0046	99.686	318	1	0	1	318	45402	45085	7.62e-167	582
AB185_04330	Contig_170_25.0046	99.578	237	1	0	1	237	45777	46013	5.92e-122	433
AB185_04335	Contig_170_25.0046	100.000	315	0	0	1	315	46640	46326	7.54e-167	582
AB185_04335	Contig_5_21.2355	90.476	315	30	0	1	315	27201	26887	8.09e-117	416
AB185_04335	Contig_42_35.6179	82.390	318	47	7	1	315	15129	14818	2.40e-72	268
AB185_04340	Contig_170_25.0046	98.571	210	3	0	1	210	47625	47416	1.15e-103	372
AB185_04345	Contig_170_25.0046	97.295	2070	56	0	1	2070	49756	47687	0.0	3513
AB185_04345	Contig_29_21.7109	85.401	822	105	10	1156	1968	906	91	0.0	839
AB185_04345	Contig_29_21.7109	79.490	902	172	10	1	900	2052	1162	6.67e-180	628
AB185_04350	Contig_170_25.0046	99.638	828	3	0	1	828	50664	49837	0.0	1513
AB185_04350	Contig_29_21.7109	84.922	829	120	3	1	828	2958	2134	0.0	833
AB185_04350	Contig_42_35.6179	79.472	833	164	7	1	828	20786	19956	5.76e-167	584
AB185_04355	Contig_170_25.0046	99.479	2304	12	0	1	2304	51210	53513	0.0	4189
AB185_04360	Contig_170_25.0046	99.804	510	1	0	1	510	54089	53580	0.0	937
AB185_04360	Contig_29_21.7109	81.316	471	83	4	1	470	7574	7108	6.36e-105	377
AB185_04365	Contig_170_25.0046	99.812	1065	2	0	1	1065	55505	54441	0.0	1956
AB185_04365	Contig_170_25.0046	100.000	30	0	0	74	103	55403	55432	7.23e-08	56.5
AB185_04370	Contig_170_25.0046	99.833	1200	2	0	1	1200	56701	55502	0.0	2206
AB180_00435	Contig_30_25.7494	100.000	58	0	0	1	58	643	586	1.15e-23	108
AB180_01225	Contig_252_32.6536	90.801	1685	153	2	1	1684	32980	34663	0.0	2252
AB180_01225	Contig_270_19.3292	82.062	1717	255	38	1	1686	372	2066	0.0	1415
AB180_01255	Contig_30_25.7494	84.000	400	62	2	9	407	2513	2911	1.13e-106	383
AGG42_00525	Contig_30_25.7494	100.000	351	0	0	1	351	1942	2292	0.0	649
AGG42_00885	Contig_75_32.1507	85.251	617	80	10	2	614	48339	47730	2.50e-179	625
AGG42_00885	Contig_30_25.7494	84.039	614	93	5	2	614	5337	5946	1.18e-167	586
AGG42_00945	Contig_30_25.7494	99.759	831	2	0	1	831	726	1556	0.0	1524
AGG42_00950	Contig_30_25.7494	100.000	210	0	0	1	210	796	587	1.58e-108	388
AGG42_01005	Contig_75_32.1507	84.576	1167	180	0	4	1170	49495	48329	0.0	1158
AGG42_01005	Contig_30_25.7494	84.044	1172	183	4	1	1170	4178	5347	0.0	1125
AGG42_01305	Contig_124_40.4014	97.585	207	3	2	1	207	2844	2640	4.09e-98	353
AGG42_01410	Contig_19_155.272:3p:1:6	94.545	55	3	0	1	55	70	16	1.22e-17	86.1
AGG42_01410	Contig_23_44.8549	94.231	52	3	0	1	52	40911	40962	5.68e-16	80.5
AGG69_01340	Contig_270_19.3292	99.219	128	0	1	34	161	3439	3313	5.79e-61	230
AGH21_01125	Contig_75_32.1507	99.747	2762	1	5	1	2759	50695	47937	0.0	5057
AGH21_01125	Contig_75_32.1507	100.000	153	0	0	2733	2885	47881	47729	8.36e-76	283
AGH21_01125	Contig_30_25.7494	89.392	2762	287	5	1	2759	2981	5739	0.0	3472
AGH21_01125	Contig_30_25.7494	92.157	153	12	0	2733	2885	5795	5947	8.60e-56	217
AGH21_01665	Contig_75_32.1507	100.000	1508	0	0	2	1509	49236	47729	0.0	2785
AGH21_01665	Contig_30_25.7494	89.987	1508	151	0	2	1509	4440	5947	0.0	1949
AB183_00100	Contig_50_25.6187	95.604	91	4	0	2	92	55275	55185	4.32e-36	147
AB284_00650	Contig_270_19.3292	100.000	1716	0	0	1	1716	3422	5137	0.0	3169
AB284_00735	Contig_5_21.2355	70.410	1487	370	65	1	1452	3596	2145	3.40e-64	244
AB284_00750	Contig_167_27.8998	82.796	186	32	0	465	650	29024	28839	4.09e-41	167
AB284_00835	Contig_30_25.7494	99.803	1014	2	0	1	1014	726	1739	0.0	1862
AB284_00840	Contig_270_19.3292	85.401	1685	239	7	1	1683	3458	5137	0.0	1742
AB284_00845	Contig_270_19.3292	91.696	855	71	0	1	855	5140	5994	0.0	1186
AB284_00860	Contig_30_25.7494	86.458	288	33	5	30	315	2003	2286	4.01e-85	311
AB284_00880	Contig_252_32.6536	88.862	413	45	1	1	412	32195	31783	6.58e-144	507
AB190_00210	Contig_124_40.4014	90.261	1150	108	4	5	1152	1217	70	0.0	1500
AB190_00225	Contig_124_40.4014	85.094	1496	211	12	1	1490	5317	3828	0.0	1517
AB190_00230	Contig_124_40.4014	98.866	441	5	0	1	441	5761	5321	0.0	787
AB190_00235	Contig_124_40.4014	96.073	1146	45	0	1	1146	6896	5751	0.0	1868
AB190_00240	Contig_124_40.4014	93.624	643	40	1	1	642	7587	6945	0.0	959
AB190_00250	Contig_124_40.4014	93.996	916	53	2	1	915	9588	8674	0.0	1386
AB190_00255	Contig_124_40.4014	99.346	459	3	0	1	459	10069	9611	0.0	832
AB190_00260	Contig_124_40.4014	88.857	2827	307	8	1	2823	16310	13488	0.0	3469
AB190_00260	Contig_204_33.4257	77.466	1997	371	69	694	2652	83105	85060	0.0	1122
AB190_00265	Contig_124_40.4014	84.790	572	83	4	1	570	16977	16408	3.05e-163	571
AB190_00270	Contig_124_40.4014	96.099	282	11	0	1	282	17293	17012	3.27e-130	460
AB190_00275	Contig_124_40.4014	99.242	264	2	0	1	264	17780	17517	3.02e-135	477
AB190_00380	Contig_19_155.272	98.601	429	6	0	376	804	1	429	0.0	760
AB190_00380	Contig_6_155.038	95.687	371	16	0	1	371	296	666	7.18e-171	597
AB190_00385	Contig_18_146.04	99.502	1205	6	0	1	1205	107	1311	0.0	2193
AB190_00385	Contig_242_94.4018	99.171	1206	10	0	1	1206	1321	2526	0.0	2172
AB190_00385	Contig_6_155.038	99.340	303	2	0	1207	1509	1	303	3.87e-156	549
AB190_01055	Contig_162_33.1236	76.036	338	68	13	172	501	17382	17714	3.44e-40	163
AB190_01060	Contig_162_33.1236	75.351	783	181	8	75	851	18196	18972	2.40e-101	366
AB182_00500	Contig_270_19.3292	100.000	152	0	0	14	165	3468	3317	1.70e-76	281
AB182_01515	Contig_30_25.7494	75.581	516	120	6	31	543	2448	2960	1.59e-66	250
AB182_01635	Contig_252_32.6536	91.816	391	32	0	10	400	32186	31796	1.39e-155	545
AB182_01640	Contig_252_32.6536	90.571	350	31	2	1	349	32267	32615	1.15e-130	462
AB182_01645	Contig_252_32.6536	90.975	277	23	2	1	276	32633	32908	1.54e-103	372
AB182_01655	Contig_252_32.6536	89.230	1402	146	5	248	1647	33267	34665	0.0	1748
AB182_01655	Contig_270_19.3292	84.544	1404	191	17	256	1640	663	2059	0.0	1367
AB182_01660	Contig_252_32.6536	91.200	125	11	0	1	125	34683	34807	8.17e-43	171
AB182_01675	Contig_75_32.1507	86.276	2973	373	26	1	2957	50695	47742	0.0	3197
AB182_01675	Contig_30_25.7494	84.854	2971	407	35	1	2951	2981	5928	0.0	2953
AB182_01685	Contig_75_32.1507	83.302	539	86	4	10	546	53578	54114	6.76e-140	494
AB182_01865	Contig_72_19.4172	87.500	72	9	0	1264	1335	27529	27600	5.44e-16	84.2
AB182_03130	Contig_30_25.7494	100.000	217	0	0	453	669	1942	1726	5.00e-112	401
AUO99_00130	Contig_109_34.5295	95.000	40	2	0	392	431	10568	10607	4.36e-10	63.9
AUO99_00545	Contig_30_25.7494	99.960	2472	1	0	1	2472	2981	5452	0.0	4560
AUO99_00545	Contig_75_32.1507	89.199	2472	267	0	1	2472	50695	48224	0.0	3086
AUO99_00725	Contig_75_32.1507	79.325	711	128	16	19	721	49435	48736	7.02e-136	481
AUO99_00725	Contig_75_32.1507	93.103	87	6	0	1	87	54245	54159	1.05e-29	128
AUO99_00805	Contig_30_25.7494	100.000	201	0	0	1	201	2092	2292	1.09e-103	372
A6W14_22995	Contig_270_19.3292	99.502	201	1	0	1	201	2084	2284	5.08e-102	366
